2500
2409
2252
2134
2100
2192
2184
2156
2140
2097
2107
2070
2041
1960
1914
1923
1970
1986
1953
1838
1638
1674
1662
1571
1588
1611
1587
1528
1568
1559
1492
1456
1473
1487
1500
1429
1417
1313
1276
1335
1241
1139
1169
1127
1076
1069
1071
1118
1083
982
1013
974
934
972
932
904
924
889
851
853
825
848
866
822
827
808
785
773
743
736
724
710
684
594
558
555
519
535
537
522
529
517
508
435
420
428
410
414
418
463
468
465
489
464
422
369
350
327
338
348
336
337
312
311
300
274
225
174
148
136
138
142
141
144
142
113
96
