[ 0.16942202]
[ 0.20667711]
[ 0.3929165]
[ 0.02179814]
[ 0.26500615]
[ 0.18087864]
[ 2.54492497]
[ 2.8105309]
[ 0.31785783]
[ 0.78396577]
[ 0.39677781]
[ 0.1670123]
[ 0.35479423]
[ 0.74351603]
[ 1.51940703]
[ 1.04502761]
[ 0.36986524]
[ 0.39471632]
[ 1.5135206]
[ 0.43863401]
[ 0.38101852]
[ 1.45622742]
[ 0.28202444]
[ 0.38858807]
[ 0.27792585]
[ 0.52129126]
[ 0.59979862]
[ 0.35489687]
[ 1.11121464]
[ 0.95027626]
[ 0.4889397]
[ 0.35039076]
[ 0.58151633]
[ 0.80598748]
[ 0.16511892]
[ 0.36587214]
[ 1.19116986]
[ 0.02630341]
[ 0.90870124]
[ 0.38171872]
[ 0.83128035]
[ 0.40316653]
[ 0.36668119]
[ 1.39598107]
[ 0.52661079]
[ 0.87971097]
[ 0.32408759]
[ 1.48220682]
[ 1.90944016]
[ 0.45547551]
[ 0.92387968]
[ 0.51254082]
[ 1.64298677]
[ 0.65989119]
[ 1.90219033]
[ 0.31220376]
[ 0.15901254]
[ 0.27279416]
[ 0.41003805]
[ 0.51361966]
[ 1.56308997]
[ 0.71125329]
[ 0.41565767]
[ 0.48218557]
[ 0.65899575]
[ 0.09157639]
[ 0.17417863]
[ 0.2409209]
[ 0.11259959]
[ 0.44441092]
[ 1.61352479]
[ 1.52033043]
[ 0.01079509]
[ 0.27227855]
[ 0.38083032]
[ 1.09202516]
[ 0.34980759]
[ 0.44930568]
[ 0.33177131]
[ 0.59695625]
[ 0.15035081]
[ 0.78895533]
[ 0.91703463]
[ 0.40996894]
[ 1.28036594]
[ 0.33269155]
[ 1.40010726]
[ 0.96079326]
[ 0.29597977]
[ 0.31464648]
[ 0.88442993]
[ 0.72707486]
[ 0.88687265]
[ 0.84387267]
[ 0.45284203]
[ 0.69591659]
[ 0.58558589]
[ 0.22738336]
[ 1.57778502]
[ 0.19651228]
[ 0.11387979]
[ 0.37497506]
[ 0.46067098]
[ 0.22928357]
[ 0.3211852]
[ 0.25244501]
[ 0.56855732]
[ 0.55824125]
[ 0.00277648]
[ 0.83656025]
[ 0.39174035]
[ 0.06443342]
[ 0.70092165]
[ 0.40803507]
[ 0.36666158]
[ 0.45201853]
[ 0.60003155]
[ 0.36068332]
[ 0.3329373]
[ 0.32337579]
[ 0.6725986]
[ 0.29782179]
[ 0.79034662]
[ 0.02073485]
[ 0.71599358]
[ 1.23139513]
[ 0.74579918]
[ 0.49764556]
[ 0.00688936]
[ 0.11380977]
[ 0.87807411]
[ 0.08903754]
[ 0.28656501]
[ 0.29942194]
[ 0.86536896]
[ 0.12692523]
[ 0.42513147]
[ 0.38925892]
[ 1.03143644]
[ 1.06351078]
[ 0.41606584]
[ 0.44722393]
[ 0.74477166]
[ 0.66579753]
[ 0.00187016]
[ 0.79887247]
[ 0.80267471]
[ 1.50869942]
[ 0.40285781]
[ 0.11416736]
[ 0.36671448]
[ 0.75972098]
[ 0.01531495]
[ 0.53068644]
[ 0.02727072]
[ 0.47941449]
[ 0.36288559]
[ 0.38448918]
[ 0.18173245]
[ 0.34904465]
[ 0.65537083]
[ 0.0323803]
[ 0.14593913]
[ 0.29032257]
[ 0.90761507]
[ 0.39969879]
[ 0.70107007]
[ 0.6010235]
[ 0.18425986]
[ 0.93965077]
[ 0.37654331]
[ 0.76287705]
[ 1.06290162]
[ 1.01671612]
[ 1.85748672]
[ 0.35890809]
[ 0.51751411]
[ 0.05934628]
[ 0.57405698]
[ 0.87505764]
[ 0.45633739]
[ 0.289022]
[ 0.18379521]
[ 0.53947502]
[ 0.98886263]
[ 0.96608818]
[ 0.43867186]
[ 1.08529663]
[ 0.86578208]
[ 0.67517078]
[ 1.07025111]
[ 0.24873184]
[ 0.34505987]
[ 0.92539018]
[ 0.28901023]
[ 0.57221812]
[ 0.37417644]
[ 0.46448371]
[ 0.54078996]
[ 0.38923094]
[ 0.77470505]
[ 0.81228477]
[ 0.26846063]
[ 0.02024529]
[ 0.46533605]
[ 0.20138572]
[ 0.33482063]
[ 0.29578429]
[ 0.51522648]
[ 0.36508679]
[ 0.41183075]
[ 0.00413977]
[ 0.69543326]
[ 0.11933051]
[ 1.12727034]
[ 0.46535498]
[ 0.01911257]
[ 0.00164831]
[ 0.7548995]
[ 0.51637697]
[ 0.29074976]
[ 0.03094696]
[ 0.34417263]
[ 0.66874373]
[ 0.54949564]
[ 0.52990717]
[ 0.28734902]
[ 0.38020831]
[ 0.47383782]
[ 0.57659107]
[ 0.03207953]
[ 0.30406779]
[ 0.30236685]
[ 0.42060584]
[ 0.50497746]
[ 0.9681136]
[ 0.07676055]
[ 0.1342427]
[ 0.40817556]
[ 0.82117307]
[ 0.27692321]
[ 0.59109211]
[ 0.31768981]
[ 0.23933716]
[ 0.96016598]
[ 0.36075664]
[ 0.00629093]
[ 1.19842672]
[ 0.92910331]
[ 0.72290975]
[ 0.47823855]
[ 0.4487775]
[ 0.13028623]
[ 0.31417677]
[ 0.86031765]
[ 0.1335808]
[ 0.076313]
[ 0.47174898]
[ 0.40165341]
[ 0.45251411]
[ 0.52202219]
[ 0.28115377]
[ 0.03689545]
[ 0.6023488]
[ 0.39657989]
[ 0.08506943]
[ 0.65104491]
[ 0.7800445]
[ 0.35376233]
[ 0.1167657]
[ 0.42016879]
[ 0.40654632]
[ 0.24777779]
[ 0.23706813]
[ 0.26855388]
[ 1.04476321]
[ 0.9271906]
[ 0.04494812]
[ 0.27050287]
[ 0.24855304]
[ 0.92767876]
[ 0.91870058]
[ 0.04660195]
[ 0.19309041]
[ 0.32705888]
[ 0.05497069]
[ 0.17651933]
[ 0.26294693]
[ 0.15473562]
[ 0.48194662]
[ 0.01216972]
[ 0.17015943]
[ 0.752581]
[ 0.35933211]
[ 0.76418608]
[ 0.72260702]
[ 0.41758919]
[ 0.23063245]
[ 0.32254604]
[ 0.67426217]
[ 0.58027887]
[ 0.28224]
[ 0.48380578]
[ 0.60597169]
[ 0.41700366]
[ 0.57761878]
[ 0.51824105]
[ 0.49505901]
[ 0.15008952]
[ 0.07617587]
[ 0.28491595]
[ 0.30705723]
[ 0.18500203]
[ 0.60216719]
[ 0.59057748]
[ 0.26602596]
[ 0.67830837]
[ 0.56688887]
[ 0.36654159]
[ 0.15015508]
[ 0.59404224]
[ 0.54775459]
[ 0.25107509]
[ 0.6056155]
[ 0.41271445]
[ 0.36314455]
[ 0.04838407]
[ 0.00026689]
[ 0.65522647]
[ 0.07514153]
[ 1.14724267]
[ 0.5311448]
[ 0.30814821]
[ 0.57421708]
[-0.]
[ 0.01963529]
[ 0.34905908]
[ 0.65645361]
[ 0.1187445]
[ 0.25647011]
[ 0.14878081]
[ 0.44089371]
[ 0.06612913]
[ 0.30874184]
[ 0.01918476]
[ 0.45250168]
[ 0.67794949]
[ 0.49914107]
[ 0.12472829]
[ 0.68140846]
[ 0.67627668]
[ 0.18048838]
[ 0.04681544]
[ 0.82989794]
[ 0.19030908]
[ 0.25074461]
[ 0.29255894]
[ 0.07414544]
[ 0.39293808]
[ 0.25725475]
[ 0.53531808]
[ 0.36949563]
[ 0.7701717]
[ 0.12043571]
[ 0.48909619]
[ 0.34215662]
[ 0.13115594]
[ 0.58581454]
[ 0.32213798]
[ 0.59569079]
[ 0.72439986]
[ 0.47195315]
[ 0.63333434]
[ 0.2807385]
[ 0.41395453]
[ 0.8940261]
[ 0.1628397]
[ 0.64327806]
[ 0.52105671]
[ 0.2223974]
[ 0.25079483]
[ 0.13057733]
[ 0.55392939]
[ 0.28773859]
[ 0.48369092]
[ 0.60433424]
[ 0.21423423]
[ 0.38772106]
[ 0.1850993]
[ 0.24255332]
[ 0.74231124]
[ 0.8125875]
[ 0.32398474]
[ 0.39248794]
[ 0.69845992]
[ 0.20871131]
[ 0.27576807]
[ 0.33238989]
[ 0.10463168]
[ 0.05228924]
[ 0.52780372]
[ 0.06351017]
[ 0.28710228]
[ 0.3218779]
[ 0.24796666]
[ 0.30829835]
[ 0.01254893]
[ 0.12386137]
[ 0.57703763]
[ 0.45133856]
[ 0.49344164]
[ 0.11266989]
[ 0.08187126]
[ 0.10959938]
[ 0.30918169]
[ 0.10287247]
[ 0.41373169]
[ 0.23421811]
[ 0.36617488]
[ 0.27337161]
[ 0.11444674]
[ 0.57520771]
[ 0.33679706]
[ 0.45677167]
[ 0.06112415]
[ 0.05515472]
[ 0.50723577]
[ 0.63607287]
[ 0.25919381]
[ 0.21986014]
[ 0.21483256]
[ 0.23603468]
[ 0.39260232]
[ 0.51320928]
[ 0.83241701]
[ 0.31474531]
[ 0.29703748]
[ 0.70425063]
[ 0.32552159]
[ 0.26089975]
[ 0.19600663]
[ 0.14886056]
[ 0.5558424]
[-0.]
[ 0.3850821]
[ 0.27381316]
[ 0.06584147]
[ 0.27392408]
[ 0.25308523]
[ 0.71678382]
[ 0.24860546]
[ 0.29985049]
[ 0.28497276]
[ 0.33265093]
[ 0.4024772]
[ 0.18946743]
[ 0.13007005]
[ 0.32161021]
[ 0.23934451]
[ 0.71587396]
[ 0.65253699]
[ 0.1845623]
[ 0.16676165]
[ 0.32497701]
[ 0.27055559]
[ 0.24796814]
[ 0.18520257]
[ 0.65523696]
[ 0.02365496]
[ 0.17483927]
[ 0.33874696]
[ 0.28786755]
[ 0.44367057]
[ 0.07487296]
[ 0.27621979]
[ 0.32383478]
[ 0.30674076]
[ 0.11217277]
[ 0.48891842]
[ 0.25843355]
[ 0.08858809]
[ 0.47845525]
[ 0.31132865]
[ 0.12444222]
[ 0.38981804]
[ 0.24323355]
[ 0.21927096]
[ 0.3004443]
[ 0.1623956]
[ 0.16075526]
[ 0.38923931]
[ 0.21382089]
[ 0.01436474]
[ 0.31279239]
[ 0.34335643]
[ 0.10824785]
[ 0.25603443]
[ 0.1995436]
[ 0.0431714]
[ 0.22831433]
[ 0.00618461]
[ 0.01367821]
[ 0.41491243]
[ 0.34689897]
[ 0.35824379]
[ 0.36525691]
[ 0.50710768]
[ 0.29473749]
[-0.]
[ 0.48694873]
[ 0.29225934]
[ 0.26365304]
[ 0.18489888]
[ 0.0133593]
[ 0.41956073]
[ 0.46339807]
[ 0.23120479]
[ 0.47527155]
[ 0.45682162]
[ 0.22246192]
[ 0.42117259]
[ 0.71271551]
[ 0.34967315]
[ 0.74936491]
[ 0.59464622]
[ 0.30422759]
[ 0.35839471]
[ 0.0621121]
[ 0.22569941]
[ 0.15410809]
[ 0.09661525]
[ 0.28001016]
[ 0.31283617]
[ 0.24986446]
[ 0.15378244]
[ 0.27381146]
[ 0.72581339]
[ 0.13305497]
[ 0.31837425]
[ 0.12899502]
[ 0.26233613]
[ 0.30532229]
[ 0.16792314]
[ 0.0898813]
[ 0.16503966]
[ 0.02172933]
[ 0.43617597]
[ 0.68770599]
[ 0.72629148]
[ 0.36877543]
[ 0.17728846]
[ 0.49961135]
[ 0.60239875]
[ 0.50738519]
[ 0.43330616]
[ 0.00748674]
[ 0.31313244]
[ 0.25230247]
[ 0.00047182]
[ 0.27867937]
[ 0.23691581]
[ 0.30563459]
[ 0.44178411]
[ 0.24064162]
[ 0.09244197]
[ 0.12960622]
[ 0.32941884]
[ 0.12876913]
[ 0.18198751]
[ 0.31881657]
[ 0.02014462]
[ 0.65951973]
[ 0.15495747]
[ 0.13765673]
[ 0.08300209]
[ 0.23668052]
[ 0.0966104]
[ 0.12708731]
[ 0.45569235]
[ 0.38251692]
[ 0.48410198]
[ 0.11943997]
[ 0.04979091]
[ 0.19070549]
[ 0.40932876]
[ 0.53297317]
[ 0.00513591]
[ 0.28158244]
[ 0.16033897]
[ 0.14937419]
[ 0.64300591]
[ 0.1943481]
[ 0.38798553]
[ 0.42933694]
[ 0.01217869]
[ 0.04914413]
[ 0.44100094]
[ 0.34998345]
[ 0.63434756]
[ 0.38674718]
[ 0.58809948]
[ 0.38964829]
[ 0.30947876]
[ 0.08634571]
[ 0.19241914]
[ 0.09804165]
[ 0.25053713]
[ 0.17580925]
[ 0.00322617]
[ 0.21475226]
[ 0.21514952]
[ 0.12091262]
[ 0.46655861]
[ 0.58296043]
[ 0.31104544]
[ 0.42776865]
[ 0.19010673]
[ 0.38233656]
[ 0.00807495]
[ 0.27574861]
[ 0.33926341]
[ 0.0938842]
[ 0.15631586]
[ 0.46160346]
[ 0.56956297]
[ 0.09990731]
[ 0.25630325]
[ 0.20954914]
[ 0.51634789]
[ 0.14420862]
[-0.]
[ 0.0698035]
[ 0.26949787]
[ 0.42834374]
[ 0.1235591]
[ 0.1748908]
[ 0.08282162]
[ 0.1696777]
[ 0.5200519]
[ 0.19181001]
[ 0.2398147]
[ 0.03696788]
[ 0.21095528]
[ 0.31894606]
[ 0.17455712]
[ 0.19405378]
[ 0.30866781]
[ 0.27310258]
[ 0.49212989]
[ 0.31059736]
[ 0.18706873]
[ 0.0050205]
[ 0.18171838]
[ 0.51954883]
[ 0.18076099]
[ 0.33657408]
[ 0.23276141]
[ 0.13287045]
[ 0.36309156]
[ 0.27973619]
[ 0.4150573]
[ 0.26059765]
[ 0.09439043]
[ 0.13452128]
[ 0.1394773]
[ 0.00334186]
[ 0.1484295]
[ 0.41514018]
[ 0.28202409]
[ 0.5247637]
[ 0.35058689]
[ 0.42726126]
[ 0.27245486]
[-0.]
[ 0.56922996]
[ 0.22618896]
[ 0.43061599]
[ 0.43622643]
[ 0.14678472]
[-0.]
[ 0.27987465]
[ 0.15560909]
[ 0.18997288]
[ 0.2105093]
[ 0.14395705]
[ 0.06769501]
[ 0.52774531]
[ 0.12423561]
[ 0.45398095]
[ 0.13200891]
[ 0.00337286]
[ 0.2134362]
[ 0.22071794]
[ 0.37963426]
[ 0.11700235]
[ 0.29983518]
[ 0.17766954]
[ 0.04246555]
[ 0.09095405]
[ 0.22191952]
[ 0.25979257]
[ 0.11692135]
[ 0.00509814]
[ 0.10522886]
[ 0.24254684]
[ 0.03814549]
[ 0.22507563]
[ 0.25886258]
[ 0.44318792]
[ 0.18637888]
[ 0.07850807]
[ 0.10967587]
[ 0.31693834]
[ 0.21911675]
[ 0.39836636]
[ 0.08503032]
[ 0.20713869]
[ 0.07932928]
[ 0.2988219]
[ 0.34369209]
[ 0.45020005]
[ 0.09136412]
[ 0.20274065]
[ 0.108434]
[ 0.26506478]
[ 0.12976213]
[ 0.24125238]
[ 0.04517231]
[-0.]
[ 0.35445571]
[ 0.04767372]
[ 0.1510286]
[ 0.07915916]
[ 0.14433101]
[ 0.3924461]
[ 0.30606329]
[ 0.44003505]
[ 0.26903275]
[ 0.19638425]
[ 0.01230166]
[ 0.18447603]
[ 0.54756433]
[ 0.13883518]
[ 0.19883458]
[ 0.18489146]
[ 0.3738879]
[ 0.22898981]
[ 0.19569764]
[ 0.36612609]
[ 0.12304308]
[ 0.20127928]
[  3.91633657e-05]
[ 0.31064174]
[ 0.0280556]
[ 0.15429965]
[ 0.33865121]
[ 0.21151942]
[ 0.17225526]
[ 0.35669839]
[ 0.21824573]
[ 0.30705401]
[ 0.09986322]
[ 0.31375811]
[ 0.53176826]
[ 0.23023432]
[ 0.08938321]
[ 0.40464848]
[ 0.12227888]
[ 0.4933928]
[ 0.30006784]
[-0.]
[ 0.29102388]
[ 0.37548554]
[ 0.34374627]
[ 0.33472681]
[ 0.23480915]
[ 0.25885233]
[ 0.0003837]
[ 0.26837391]
[ 0.16978347]
[ 0.24244832]
[ 0.11668731]
[ 0.18228573]
[ 0.30863342]
[ 0.00997601]
[ 0.25279334]
[ 0.15517943]
[ 0.00010758]
[-0.]
[ 0.2628592]
[ 0.34690428]
[ 0.17874148]
[ 0.23163767]
[ 0.29007086]
[ 0.17995776]
[ 0.15395258]
[ 0.01997356]
[ 0.17170434]
[ 0.06082514]
[ 0.20035313]
[ 0.20260701]
[ 0.02061696]
[ 0.11495466]
[ 0.14939007]
[ 0.27452394]
[ 0.05638573]
[ 0.30093557]
[ 0.24145705]
[ 0.1870257]
[ 0.40095869]
[ 0.00532778]
[ 0.266716]
[ 0.09762093]
[ 0.15919058]
[ 0.3181968]
[ 0.22813019]
[ 0.27660277]
[ 0.46395841]
[ 0.25368598]
[ 0.34129065]
[ 0.33844751]
[ 0.14494842]
[ 0.41582492]
[-0.]
[ 0.26275685]
[ 0.24238704]
[ 0.39476731]
[ 0.14344329]
[ 0.23837684]
[ 0.19198726]
[ 0.34659329]
[ 0.1213729]
[ 0.09196284]
[ 0.18833184]
[ 0.2982311]
[ 0.1471805]
[ 0.21741973]
[ 0.26911789]
[ 0.04909331]
[ 0.17037968]
[ 0.28618327]
[-0.]
[ 0.00233363]
[ 0.17263481]
[ 0.38892841]
[ 0.16837822]
[ 0.14837295]
[ 0.00053962]
[ 0.22935148]
[ 0.19693646]
[ 0.13083507]
[ 0.25354794]
[ 0.03375371]
[ 0.16462557]
[ 0.054956]
[ 0.31904683]
[ 0.14260003]
[ 0.16873626]
[ 0.04439622]
[ 0.37336755]
[ 0.0584508]
[ 0.01373527]
[ 0.0058608]
[ 0.11540822]
[ 0.46037471]
[ 0.08156962]
[ 0.27428073]
[ 0.29480129]
[ 0.26564106]
[ 0.34431806]
[ 0.04919848]
[ 0.28045663]
[ 0.44306034]
[ 0.17729022]
[ 0.40305507]
[ 0.38071138]
[ 0.19610012]
[ 0.00108703]
[ 0.20396473]
[ 0.11517789]
[ 0.31406248]
[ 0.14107381]
[ 0.1137239]
[ 0.02982948]
[ 0.04601104]
[ 0.04395315]
[ 0.25265256]
[ 0.17802978]
[ 0.20058247]
[ 0.18870834]
[ 0.08447468]
[ 0.25140348]
[ 0.12172983]
[ 0.24940623]
[ 0.31283689]
[ 0.20069833]
[ 0.15601216]
[ 0.35503331]
[ 0.25747687]
[ 0.1623449]
[ 0.0541738]
[ 0.22825664]
[ 0.21970101]
[ 0.09994395]
[ 0.09782193]
[ 0.15456866]
[ 0.27762952]
[ 0.26071057]
[ 0.23328318]
[ 0.1336886]
[ 0.31939888]
[ 0.23037502]
[ 0.14320529]
[ 0.00040245]
[ 0.26019534]
[ 0.063562]
[ 0.24174084]
[ 0.16137312]
[ 0.16381255]
[ 0.05078105]
[ 0.18084341]
[ 0.22938073]
[ 0.1730099]
[ 0.18537243]
[ 0.26739436]
[ 0.15612951]
[ 0.00242552]
[ 0.16659893]
[ 0.22834489]
[ 0.13022873]
[ 0.22510737]
[ 0.16602269]
[ 0.02476268]
[ 0.01583366]
[ 0.08985014]
[ 0.43114769]
[ 0.19558196]
[ 0.22577642]
[ 0.09256484]
[ 0.1693107]
[ 0.03437203]
[ 0.14542128]
[ 0.06550881]
[ 0.1684622]
[ 0.17196971]
[ 0.36860639]
[ 0.12615553]
[ 0.30325687]
[ 0.11218034]
[ 0.10920338]
[ 0.14223933]
[ 0.11981793]
[ 0.21369487]
[ 0.17446186]
[ 0.14398678]
[ 0.11989255]
[-0.]
[ 0.10775428]
[ 0.0824012]
[ 0.07444812]
[ 0.35993397]
[ 0.27208045]
[ 0.025949]
[ 0.08307362]
[ 0.09668414]
[ 0.1289441]
[ 0.37808406]
[ 0.16925655]
[ 0.10756273]
[ 0.2854054]
[ 0.32430971]
[ 0.36705026]
[ 0.01846205]
[ 0.13541441]
[ 0.00250506]
[ 0.14217851]
[ 0.1579226]
[ 0.17605403]
[ 0.14988814]
[ 0.00972188]
[ 0.15965877]
[ 0.14358786]
[ 0.19022416]
[ 0.33638901]
[ 0.04309996]
[ 0.09465295]
[ 0.28004682]
[ 0.39063847]
[ 0.18051364]
[ 0.2546322]
[ 0.34093392]
[-0.]
[ 0.20833713]
[ 0.17905538]
[ 0.14541867]
[ 0.16050515]
[ 0.1542045]
[ 0.12533322]
[ 0.23363033]
[ 0.06492358]
[ 0.28854817]
[ 0.04292325]
[ 0.28825584]
[ 0.21689384]
[ 0.17281489]
[ 0.32663077]
[ 0.24416977]
[ 0.03654453]
[ 0.16995385]
[ 0.0031039]
[ 0.07155289]
[ 0.03607075]
[ 0.19953738]
[ 0.32008895]
[ 0.35716623]
[ 0.10579021]
[ 0.14567575]
[ 0.05305435]
[ 0.11490449]
[ 0.14718269]
[ 0.14956903]
[ 0.03662199]
[ 0.27679381]
[ 0.27641058]
[ 0.14530472]
[ 0.11080252]
[ 0.03118842]
[ 0.16385728]
[ 0.00563554]
[ 0.00140558]
[-0.]
[ 0.19697943]
[ 0.21261303]
[ 0.18068218]
[ 0.04686606]
[  7.81639528e-07]
[ 0.11096679]
[ 0.02559872]
[-0.]
[ 0.12583913]
[ 0.00894078]
[ 0.00015572]
[ 0.0486448]
[ 0.08125302]
[ 0.12841652]
[ 0.26693472]
[ 0.19926384]
[ 0.05952711]
[ 0.35819197]
[ 0.13468403]
[ 0.02235603]
[ 0.17737152]
[ 0.18562916]
[ 0.09107423]
[ 0.03251544]
[ 0.30409607]
[ 0.08857059]
[ 0.02738713]
[ 0.05624054]
[ 0.0754659]
[ 0.23711053]
[ 0.04697087]
[ 0.07354606]
[ 0.11123876]
[ 0.08210933]
[ 0.10844657]
[-0.]
[ 0.14032842]
[ 0.00434164]
[ 0.12000383]
[ 0.20409146]
[ 0.17710903]
[ 0.19153053]
[ 0.00036869]
[ 0.19879612]
[ 0.15191495]
[ 0.19864592]
[ 0.25992143]
[ 0.17320238]
[ 0.21869415]
[ 0.14285277]
[ 0.23236245]
[ 0.01753969]
[ 0.20455272]
[ 0.00224789]
[ 0.0655963]
[ 0.05945074]
[ 0.14642735]
[-0.]
[ 0.15409467]
[ 0.05809531]
[ 0.03631236]
[ 0.19893642]
[ 0.00644396]
[ 0.14135914]
[ 0.21593095]
[ 0.02293139]
[ 0.09549877]
[ 0.09192245]
[ 0.08105829]
[ 0.013569]
[ 0.15913437]
[ 0.28682321]
[ 0.35717818]
[ 0.18694678]
[ 0.01750396]
[ 0.28387964]
[ 0.21181372]
[ 0.00494841]
[ 0.14476925]
[-0.]
[ 0.0269262]
[ 0.13699959]
[ 0.09720723]
[ 0.01065731]
[ 0.12649836]
[ 0.06753727]
[ 0.07139462]
[ 0.26324883]
[ 0.07282007]
[ 0.02244947]
[ 0.09571632]
[ 0.09960585]
[ 0.19896351]
[ 0.14398639]
[ 0.22080897]
[ 0.25413421]
[ 0.25728065]
[ 0.17799854]
[-0.]
[ 0.11469201]
[ 0.01621184]
[ 0.08607642]
[ 0.01620563]
[ 0.12408476]
[ 0.09929885]
[ 0.05379405]
[ 0.12687403]
[ 0.2147806]
[ 0.29852912]
[ 0.02090882]
[ 0.16721965]
[ 0.26878899]
[ 0.0053227]
[ 0.05050273]
[ 0.0031266]
[ 0.19031093]
[ 0.02747779]
[ 0.15675855]
[ 0.13755368]
[ 0.09966645]
[ 0.26593012]
[ 0.09638128]
[ 0.0885213]
[ 0.11328664]
[ 0.0311221]
[ 0.27810642]
[ 0.04003304]
[ 0.04232877]
[ 0.13066015]
[ 0.0591875]
[ 0.16087873]
[ 0.10294852]
[ 0.15261555]
[ 0.12219227]
[ 0.05560533]
[ 0.19814491]
[ 0.13114215]
[ 0.19627565]
[ 0.10016602]
[ 0.12464248]
[ 0.18724367]
[ 0.13309708]
[ 0.15012987]
[ 0.04780308]
[ 0.09436015]
[ 0.20722905]
[ 0.16468559]
[ 0.10304604]
[ 0.08933478]
[ 0.07696518]
[ 0.17708084]
[ 0.06030083]
[ 0.00236741]
[ 0.06432468]
[ 0.14540924]
[ 0.16090061]
[ 0.06822277]
[ 0.02629655]
[ 0.32436979]
[ 0.34809667]
[ 0.15851212]
[ 0.04756307]
[ 0.06187519]
[ 0.0391169]
[ 0.12101512]
[ 0.1715889]
[ 0.07014695]
[ 0.06475917]
[ 0.10551506]
[ 0.01092354]
[ 0.22068873]
[ 0.08333348]
[ 0.0823035]
[ 0.03875968]
[ 0.15521632]
[ 0.29451945]
[ 0.14651437]
[ 0.08011331]
[ 0.19649215]
[ 0.22890739]
[ 0.08601065]
[ 0.00029785]
[ 0.00011046]
[ 0.17058268]
[ 0.17840098]
[ 0.03275347]
[ 0.15776923]
[ 0.02531009]
[ 0.23845641]
[ 0.10600539]
[ 0.15935522]
[ 0.26114643]
[ 0.23914057]
[ 0.34495899]
[ 0.27366823]
[ 0.20866701]
[ 0.0855936]
[ 0.1900758]
[ 0.37605968]
[ 0.21021727]
[ 0.08550097]
[ 0.30022815]
[ 0.13808085]
[ 0.18391985]
[ 0.15102075]
[ 0.28254646]
[ 0.13139631]
[ 0.02428312]
[ 0.06783944]
[ 0.13018622]
[ 0.0323713]
[ 0.07463212]
[ 0.20484555]
[ 0.00706614]
[ 0.12388418]
[ 0.24805433]
[ 0.11652596]
[ 0.224181]
[ 0.11898249]
[ 0.04937432]
[ 0.03702979]
[ 0.13337374]
[ 0.17981437]
[ 0.07795113]
[ 0.12573096]
[ 0.06431493]
[ 0.04791321]
[ 0.09374825]
[ 0.07561892]
[ 0.04872317]
[ 0.11834005]
[ 0.14614558]
[ 0.00609098]
[ 0.21878651]
[ 0.23493104]
[ 0.14820559]
[ 0.18895584]
[ 0.28162819]
[ 0.09490804]
[ 0.06420257]
[ 0.07571158]
[ 0.03024079]
[ 0.1563053]
[-0.]
[ 0.15051757]
[ 0.02272666]
[ 0.05835055]
[ 0.11265847]
[ 0.00046523]
[ 0.04598042]
[ 0.14175813]
[ 0.10403004]
[ 0.13518468]
[ 0.18128441]
[ 0.24425526]
[ 0.09435567]
[ 0.14384967]
[ 0.00048931]
[ 0.04547574]
[ 0.09432667]
[ 0.22957478]
[ 0.16804269]
[ 0.27413136]
[ 0.02712676]
[ 0.15069433]
[ 0.0917762]
[ 0.06927358]
[ 0.17451397]
[ 0.18824667]
[ 0.00312805]
[ 0.00077697]
[ 0.05524873]
[ 0.06002672]
[-0.]
[ 0.08891954]
[ 0.16736308]
[ 0.15156667]
[-0.]
[ 0.17822297]
[ 0.19154167]
[ 0.03841078]
[ 0.0870979]
[ 0.06473488]
[ 0.14314026]
[ 0.20708841]
[ 0.05371426]
[ 0.06779372]
[ 0.0023167]
[ 0.04018483]
[ 0.01328026]
[ 0.01990465]
[-0.]
[ 0.1066357]
[ 0.1296922]
[ 0.03666976]
[ 0.08752333]
[ 0.32891247]
[ 0.08557799]
[ 0.24625629]
[ 0.11875115]
[ 0.17059812]
[ 0.12233949]
[ 0.00098513]
[ 0.00596828]
[ 0.19782883]
[ 0.1971685]
[ 0.14098457]
[ 0.14662969]
[-0.]
[ 0.10595058]
[ 0.09224283]
[ 0.00028015]
[ 0.08801839]
[ 0.11400609]
[ 0.11261521]
[ 0.04372774]
[ 0.09351238]
[ 0.12869039]
[ 0.08497503]
[ 0.23276591]
[ 0.06182534]
[ 0.00508621]
[ 0.00057032]
[ 0.06192597]
[ 0.19257107]
[ 0.00651389]
[ 0.09031148]
[ 0.02456292]
[ 0.01313396]
[ 0.20110193]
[ 0.0486434]
[ 0.06878547]
[ 0.14728233]
[ 0.10309272]
[ 0.1935918]
[ 0.04416159]
[ 0.07949778]
[ 0.12294886]
[ 0.14928831]
[ 0.09499316]
[ 0.18463145]
[ 0.08242101]
[ 0.04349792]
[ 0.12539393]
[ 0.17842579]
[ 0.21689612]
[-0.]
[ 0.01259318]
[ 0.10846655]
[ 0.14632814]
[ 0.02594897]
[ 0.15959829]
[ 0.13694513]
[ 0.02296237]
[ 0.04253864]
[ 0.08778846]
[ 0.07467808]
[ 0.16007118]
[ 0.23336951]
[ 0.04919294]
[ 0.12491675]
[ 0.23411053]
[ 0.07199443]
[ 0.15490247]
[ 0.09932454]
[ 0.2082791]
[ 0.01304866]
[ 0.135335]
[ 0.04965949]
[ 0.07698237]
[ 0.02615909]
[ 0.1011672]
[ 0.15406428]
[ 0.31254476]
[ 0.1721102]
[ 0.08519618]
[ 0.20882951]
[ 0.00489985]
[ 0.05153457]
[ 0.20851736]
[ 0.12091979]
[ 0.14698225]
[ 0.15412009]
[ 0.18310446]
[ 0.10352806]
[ 0.21353154]
[-0.]
[ 0.14445199]
[ 0.0209697]
[ 0.07254665]
[ 0.14117827]
[ 0.07945902]
[ 0.06755942]
[ 0.08141866]
[ 0.00816195]
[ 0.06679507]
[-0.]
[ 0.13911279]
[ 0.03856199]
[ 0.10472891]
[ 0.15061821]
[ 0.08097423]
[ 0.0790763]
[ 0.21741608]
[-0.]
[ 0.22230674]
[ 0.06737742]
[ 0.10808267]
[ 0.00190299]
[ 0.04792656]
[ 0.04697424]
[ 0.11874881]
[ 0.02977856]
[-0.]
[ 0.16278003]
[ 0.12847243]
[ 0.21375175]
[ 0.14345586]
[ 0.14739376]
[ 0.09487349]
[ 0.04406191]
[ 0.01957858]
[ 0.10771776]
[ 0.1392595]
[ 0.0474894]
[ 0.13444382]
[ 0.12124334]
[ 0.00321582]
[ 0.1322954]
[ 0.07187834]
[ 0.25402147]
[ 0.166271]
[ 0.00056272]
[ 0.07600518]
[ 0.20882116]
[ 0.03131739]
[-0.]
[ 0.18225145]
[ 0.14529379]
[-0.]
[ 0.24143474]
[ 0.17628856]
[ 0.04957233]
[-0.]
[ 0.10558307]
[ 0.04806895]
[ 0.0777139]
[ 0.07481693]
[ 0.12882711]
[ 0.22314906]
[ 0.10636027]
[ 0.04990175]
[ 0.18160205]
[ 0.00556927]
[ 0.23642547]
[ 0.13870016]
[ 0.11471867]
[ 0.07834776]
[ 0.21211575]
[ 0.19076864]
[ 0.15175742]
[ 0.00644436]
[ 0.15170728]
[ 0.09540547]
[ 0.12751026]
[ 0.00343403]
[ 0.14147727]
[ 0.00145613]
[ 0.12308964]
[ 0.13289005]
[ 0.03826709]
[ 0.24007781]
[ 0.10618252]
[ 0.06673346]
[ 0.02624586]
[ 0.13434981]
[ 0.02618722]
[ 0.22329868]
[ 0.12502581]
[ 0.15924616]
[ 0.20483644]
[ 0.04650965]
[ 0.1589123]
[ 0.16684161]
[ 0.24337752]
[ 0.18604451]
[ 0.00422298]
[ 0.07073651]
[ 0.05282026]
[ 0.14341669]
[ 0.01720469]
[ 0.25673762]
[ 0.17807136]
[ 0.11412973]
[ 0.11080223]
[ 0.08949745]
[ 0.14625695]
[ 0.0062419]
[ 0.01019183]
[ 0.11684645]
[ 0.21806802]
[ 0.09676034]
[ 0.21670279]
[ 0.01052666]
[ 0.03922431]
[ 0.14924838]
[ 0.14945422]
[ 0.12436347]
[ 0.15560451]
[ 0.1494098]
[ 0.0624477]
[ 0.08956494]
[ 0.19839509]
[ 0.13099712]
[ 0.14892052]
[ 0.02115914]
[ 0.19300105]
[-0.]
[ 0.0845816]
[ 0.06323162]
[ 0.11103471]
[ 0.12205037]
[-0.]
[ 0.09058798]
[ 0.08999422]
[ 0.15838102]
[ 0.12550318]
[ 0.20599805]
[ 0.00015095]
[ 0.09566163]
[ 0.10531382]
[ 0.2002857]
[-0.]
[ 0.08005125]
[ 0.0470368]
[ 0.06228418]
[ 0.23704389]
[ 0.09493932]
[ 0.15529762]
[ 0.20878521]
[ 0.08756544]
[ 0.03367211]
[ 0.02788455]
[ 0.00084946]
[ 0.08351251]
[ 0.23518172]
[ 0.01748714]
[ 0.03274351]
[ 0.02831887]
[ 0.11213037]
[ 0.01429176]
[ 0.03124411]
[-0.]
[ 0.04602727]
[ 0.15467851]
[ 0.03141446]
[ 0.16610342]
[ 0.23019904]
[ 0.12576382]
[ 0.20003258]
[ 0.05097633]
[ 0.01778946]
[ 0.05271126]
[ 0.00066571]
[ 0.21778435]
[ 0.12264942]
[ 0.24333724]
[ 0.00503783]
[ 0.02518303]
[ 0.07831075]
[ 0.07694837]
[ 0.11766998]
[ 0.15998878]
[ 0.14836812]
[ 0.00999921]
[ 0.06152474]
[ 0.06734931]
[ 0.14226799]
[ 0.16262372]
[ 0.08793212]
[ 0.12601389]
[ 0.04445634]
[ 0.20789661]
[ 0.11641138]
[ 0.14606768]
[ 0.02400394]
[ 0.0871905]
[ 0.00841797]
[ 0.21085352]
[ 0.18732388]
[ 0.03174569]
[ 0.12309591]
[ 0.231445]
[ 0.09301418]
[ 0.20996791]
[ 0.05498582]
[ 0.0060845]
[ 0.16320491]
[ 0.02577661]
[ 0.14159305]
[ 0.03555899]
[ 0.04061373]
[ 0.22645579]
[ 0.21529773]
[ 0.09436475]
[ 0.23551661]
[ 0.1342119]
[ 0.14374015]
[ 0.07636907]
[ 0.12696052]
[ 0.10935795]
[ 0.08508315]
[ 0.07624435]
[ 0.20460279]
[ 0.0404541]
[ 0.09928314]
[ 0.06525455]
[ 0.05253441]
[ 0.04997071]
[ 0.13870195]
[ 0.1926548]
[ 0.19083434]
[ 0.0612741]
[ 0.13538681]
[ 0.14739999]
[ 0.00270026]
[ 0.18786073]
[ 0.02158118]
[ 0.14428052]
[ 0.04771979]
[ 0.17062847]
[ 0.04896109]
[ 0.21151172]
[ 0.20060061]
[-0.]
[ 0.01632158]
[ 0.06816982]
[ 0.00475872]
[ 0.0956739]
[ 0.04993698]
[ 0.04170423]
[ 0.03055998]
[-0.]
[ 0.07813346]
[ 0.00190796]
[ 0.16549513]
[ 0.00506087]
[ 0.09007893]
[ 0.14404257]
[ 0.12271307]
[ 0.12646648]
[ 0.02591651]
[ 0.045687]
[ 0.00106045]
[ 0.11474729]
[ 0.11032575]
[ 0.06143937]
[ 0.18442644]
[ 0.08708096]
[ 0.00358428]
[ 0.14742652]
[ 0.09099787]
[ 0.16300431]
[ 0.02748808]
[ 0.00414266]
[ 0.07497085]
[ 0.00376547]
[ 0.08484972]
[ 0.0199223]
[ 0.02785666]
[ 0.09216747]
[-0.]
[ 0.12081409]
[ 0.09757168]
[ 0.17936814]
[ 0.18866704]
[ 0.1398285]
[ 0.08921789]
[ 0.10477059]
[ 0.12455655]
[ 0.12523414]
[ 0.10576177]
[ 0.01411748]
[ 0.03079866]
[ 0.00782694]
[ 0.06759267]
[ 0.14401492]
[ 0.2535179]
[ 0.00125232]
[ 0.1090081]
[ 0.18468381]
[ 0.10664909]
[ 0.00088868]
[ 0.01993118]
[ 0.14413048]
[ 0.06288905]
[ 0.21324188]
[-0.]
[ 0.1152329]
[ 0.01511216]
[ 0.12874795]
[ 0.02539492]
[ 0.09462421]
[ 0.09896502]
[ 0.03788349]
[ 0.01195428]
[ 0.03822898]
[ 0.04173131]
[ 0.07660424]
[ 0.13774624]
[ 0.00866477]
[ 0.14464918]
[ 0.05540119]
[ 0.07704252]
[ 0.05669522]
[ 0.09902367]
[ 0.03842899]
[ 0.23323935]
[ 0.15416096]
[ 0.18504952]
[ 0.08057265]
[ 0.15222181]
[ 0.00418847]
[ 0.07180148]
[ 0.04115772]
[ 0.0336493]
[ 0.01275919]
[ 0.20080449]
[ 0.05506423]
[ 0.17912135]
[ 0.17437811]
[ 0.06737518]
[ 0.1414171]
[ 0.14024833]
[ 0.14002649]
[ 0.1220329]
[ 0.05257897]
[ 0.20818676]
[ 0.19658174]
[ 0.08968889]
[ 0.06626541]
[ 0.12220517]
[ 0.09078903]
[ 0.28229338]
[  4.60016381e-05]
[ 0.20505959]
[ 0.12337887]
[ 0.11335247]
[ 0.09155882]
[ 0.09417526]
[ 0.09102709]
[ 0.09364855]
[-0.]
[ 0.0134135]
[ 0.06264593]
[ 0.01027888]
[ 0.18933493]
[ 0.12892352]
[ 0.18358725]
[-0.]
[ 0.19056055]
[ 0.08820983]
[ 0.08565345]
[ 0.0754464]
[ 0.215177]
[ 0.09347819]
[ 0.07474506]
[ 0.09171601]
[ 0.16284041]
[ 0.00299816]
[ 0.12253484]
[ 0.11649353]
[-0.]
[ 0.02091433]
[ 0.02017046]
[ 0.04218132]
[ 0.07678338]
[ 0.07969656]
[ 0.01496065]
[ 0.04713289]
[ 0.17686503]
[ 0.09820946]
[ 0.04586361]
[ 0.07287953]
[ 0.03385823]
[ 0.00126997]
[ 0.00197449]
[ 0.00558979]
[ 0.07064333]
[ 0.0944838]
[ 0.02414852]
[ 0.11162946]
[ 0.03237638]
[ 0.03816638]
[ 0.0658238]
[ 0.11458803]
[ 0.13056017]
[-0.]
[ 0.06514983]
[ 0.0460653]
[  8.45199975e-05]
[ 0.02642984]
[ 0.06661981]
[ 0.00994698]
[ 0.04015949]
[ 0.10594127]
[ 0.00120458]
[ 0.11598154]
[ 0.08772776]
[ 0.0454604]
[ 0.03251807]
[ 0.00272041]
[ 0.04255411]
[ 0.06899624]
[ 0.12669498]
[ 0.0400178]
[ 0.07695117]
[ 0.05842662]
[ 0.06162056]
[ 0.00327125]
[ 0.10390501]
[-0.]
[ 0.00180286]
[ 0.04202892]
[ 0.07862997]
[ 0.00533893]
[ 0.02996339]
[ 0.03263672]
[ 0.11823328]
[ 0.00127072]
[ 0.07594749]
[ 0.02194222]
[ 0.13467096]
[ 0.01158335]
[ 0.0277398]
[ 0.06520384]
[-0.]
[ 0.00042838]
[ 0.12558904]
[ 0.1079132]
[ 0.06619405]
[ 0.03922645]
[ 0.00091089]
[ 0.02625574]
[ 0.11706818]
[ 0.07572243]
[ 0.14264797]
[ 0.01869829]
[ 0.06019999]
[ 0.08901228]
[ 0.10591649]
[ 0.10638697]
[ 0.00767705]
[ 0.02463412]
[ 0.06735758]
[ 0.14179806]
[ 0.02972282]
[ 0.03273713]
[ 0.05825108]
[ 0.01810419]
[ 0.07117657]
[ 0.1380188]
[ 0.00453568]
[ 0.04310768]
[ 0.08370322]
[ 0.10142765]
[ 0.12035953]
[ 0.02786969]
[ 0.05700343]
[ 0.03464523]
[-0.]
[ 0.02337016]
[ 0.03781909]
[ 0.04834572]
[ 0.00828927]
[-0.]
[ 0.03806276]
[-0.]
[-0.]
[ 0.03390544]
[ 0.00535037]
[ 0.02765996]
[-0.]
[-0.]
[-0.]
[ 0.0189943]
[ 0.03360972]
[-0.]
[ 0.00248301]
[-0.]
[ 0.04469942]
[ 0.00751738]
[ 0.03655721]
[-0.]
[ 0.0477455]
[ 0.00524493]
[ 0.03515248]
[ 0.01571978]
[ 0.02278162]
[ 0.04955286]
[-0.]
[-0.]
[-0.]
[ 0.02741444]
[ 0.04733286]
[ 0.00188227]
[ 0.00337391]
[-0.]
[-0.]
[-0.]
[ 0.00746497]
[-0.]
[-0.]
[-0.]
[ 0.02290377]
[ 0.02493768]
[-0.]
[ 0.01551435]
[-0.]
[ 0.04126285]
[-0.]
[ 0.02145899]
[ 0.0070222]
[ 0.0386893]
[ 0.03017615]
[-0.]
[-0.]
[-0.]
[-0.]
[ 0.01583208]
[-0.]
[-0.]
[-0.]
[ 0.0162142]
[-0.]
[ 0.00376227]
[-0.]
[ 0.00357674]
[-0.]
[ 0.0021066]
[-0.]
[-0.]
[ 0.0326119]
[-0.]
[ 0.02665558]
[-0.]
[ 0.02177634]
[ 0.02026505]
[ 0.02172111]
[ 0.01970274]
[ 0.04714659]
[ 0.02720397]
[-0.]
[-0.]
[ 0.00548951]
[-0.]
[-0.]
[-0.]
[ 0.03009074]
[-0.]
[-0.]
[-0.]
[-0.]
[ 0.04579078]
[-0.]
[-0.]
[-0.]
[-0.]
[ 0.03736642]
[ 0.03008885]
[-0.]
[ 0.03971681]
[ 0.00741756]
[-0.]
[ 0.01141783]
[ 0.00813538]
[-0.]
[-0.]
[-0.]
[ 0.02303963]
[-0.]
[ 0.02913615]
[ 0.02496186]
[-0.]
[-0.]
[-0.]
[ 0.02848737]
[-0.]
[-0.]
[-0.]
[-0.]
[-0.]
[ 0.03866018]
[-0.]
[ 0.01399097]
[ 0.007259]
[-0.]
[-0.]
[-0.]
[-0.]
[-0.]
[-0.]
[-0.]
[ 0.00387352]
[ 0.03859201]
[ 0.01006182]
[-0.]
[-0.]
[ 0.0356907]
[-0.]
[-0.]
[-0.]
[-0.]
[ 0.0334669]
[-0.]
[ 0.01179701]
[ 0.00359046]
[-0.]
[ 0.04773397]
[  5.10588288e-05]
[ 0.02739045]
[-0.]
[-0.]
[ 0.02953431]
[ 0.02463949]
[-0.]
[-0.]
[-0.]
[ 0.01802037]
[-0.]
[-0.]
[ 0.00243736]
[ 0.02200318]
[ 0.03913451]
[ 0.04485964]
[ 0.01352957]
[-0.]
[-0.]
[-0.]
[-0.]
[-0.]
[ 0.04871473]
[ 0.00519124]
[ 0.0307445]
[-0.]
[ 0.04440628]
[-0.]
[-0.]
[-0.]
[-0.]
[-0.]
[-0.]
[-0.]
[-0.]
[-0.]
[ 0.04425741]
[ 0.04208051]
[-0.]
[ 0.01829097]
[ 0.04386166]
[-0.]
[-0.]
[-0.]
[ 0.04007253]
[-0.]
[ 0.0447814]
[-0.]
[ 0.027778]
[ 0.00773555]
[ 0.00749167]
[-0.]
[-0.]
[ 0.01091463]
[ 0.03321758]
[-0.]
[-0.]
[ 0.02004604]
[-0.]
[-0.]
[ 0.0358524]
[-0.]
[ 0.03709585]
[ 0.02750418]
[ 0.00278596]
[-0.]
[-0.]
[-0.]
[-0.]
[ 0.03374073]
[ 0.01932526]
[ 0.0342988]
[-0.]
[-0.]
[-0.]
[-0.]
[ 0.0459934]
[ 0.03711394]
[-0.]
[-0.]
[ 0.04097244]
[-0.]
[ 0.00237356]
[-0.]
[ 0.04787353]
[ 0.02002703]
[-0.]
[-0.]
[ 0.04557706]
[-0.]
[-0.]
[ 0.02153573]
[ 0.00269533]
[ 0.02081769]
[ 0.03424729]
[-0.]
[-0.]
[ 0.00989942]
[-0.]
[ 0.00424142]
[ 0.04465749]
[ 0.0253653]
[ 0.02154798]
[-0.]
[ 0.03179239]
[ 0.03326249]
[-0.]
[ 0.04881033]
[ 0.01023704]
[ 0.02535102]
[-0.]
[ 0.0400495]
[ 0.03562557]
[ 0.01129774]
[-0.]
[-0.]
[ 0.01347803]
[ 0.04128196]
[ 0.02271947]
[-0.]
[-0.]
[-0.]
[-0.]
[ 0.01450402]
[ 0.03160479]
[ 0.03897384]
[-0.]
[ 0.02029809]
[-0.]
[-0.]
[-0.]
[-0.]
[ 0.04526168]
[-0.]
[ 0.01905179]
[-0.]
[ 0.01160239]
[ 0.04171387]
[-0.]
[-0.]
[-0.]
[ 0.04417774]
[ 0.00825763]
[-0.]
[-0.]
[-0.]
[-0.]
[-0.]
[ 0.04941453]
[ 0.01630633]
[-0.]
[-0.]
[-0.]
[-0.]
[ 0.04983122]
[ 0.03871028]
[ 0.03011904]
[-0.]
[-0.]
[ 0.04367429]
[-0.]
[-0.]
[ 0.02153582]
[-0.]
[ 0.04701585]
[-0.]
[-0.]
[-0.]
[-0.]
[ 0.00931893]
[ 0.02334765]
[ 0.04026879]
[-0.]
[ 0.03212461]
[ 0.00796639]
[ 0.03923328]
[-0.]
[-0.]
[ 0.0058934]
[-0.]
[ 0.04778968]
[ 0.02343143]
[-0.]
[-0.]
[ 0.00486184]
[-0.]
[ 0.03371033]
[-0.]
[ 0.04471976]
[ 0.00413899]
[ 0.03200969]
[-0.]
[-0.]
[ 0.04896356]
[ 0.02429504]
[-0.]
[ 0.0247584]
[-0.]
[-0.]
[-0.]
[ 0.03658669]
[-0.]
[ 0.03297167]
[ 0.02753535]
[ 0.01375666]
[ 0.03402973]
[-0.]
[-0.]
[-0.]
[-0.]
[ 0.04100468]
[-0.]
[-0.]
[-0.]
[-0.]
[ 0.02985087]
[-0.]
[ 0.0054534]
[-0.]
[-0.]
[-0.]
[ 0.04315739]
[-0.]
[-0.]
[-0.]
[ 0.04028758]
[ 0.04741238]
[-0.]
[ 0.04962075]
[ 0.04240403]
[-0.]
[ 0.04995134]
[-0.]
[-0.]
[ 0.03025589]
[-0.]
[ 0.01990701]
[-0.]
[ 0.04104023]
[ 0.02404548]
[-0.]
[-0.]
[ 0.03770051]
[-0.]
[ 0.01289529]
[ 0.04479801]
[-0.]
[-0.]
[ 0.01412204]
[-0.]
[-0.]
[ 0.0231141]
[ 0.04897913]
[-0.]
[-0.]
[ 0.03713205]
[ 0.02685264]
[ 0.0011723]
[-0.]
[ 0.00561607]
[-0.]
[-0.]
[-0.]
[ 0.04222181]
[-0.]
[ 0.04838951]
[ 0.03463905]
[ 0.0411351]
[-0.]
[-0.]
[-0.]
[-0.]
[ 0.03051397]
[-0.]
[-0.]
[-0.]
[ 0.02039535]
[-0.]
[-0.]
[ 0.01781188]
[-0.]
[-0.]
[ 0.02806761]
[-0.]
[-0.]
[-0.]
[ 0.02412692]
[-0.]
[-0.]
[-0.]
[-0.]
[-0.]
[-0.]
[ 0.04049553]
[ 0.01787878]
[-0.]
[-0.]
[ 0.0458595]
[ 0.03862492]
[-0.]
[-0.]
[ 0.02426504]
[-0.]
[ 0.01761557]
[-0.]
[ 0.01094722]
[-0.]
[-0.]
[ 0.0479552]
[-0.]
[-0.]
[-0.]
[ 0.04514518]
[ 0.01288345]
[ 0.01379013]
[-0.]
[-0.]
[-0.]
[-0.]
[-0.]
[ 0.03341264]
[-0.]
[ 0.02004954]
[ 0.00531517]
[-0.]
[ 0.00538404]
[ 0.0358802]
[ 0.02242004]
[-0.]
[ 0.02316603]
[-0.]
[-0.]
[ 0.03154298]
[ 0.04527681]
[-0.]
[-0.]
[-0.]
[-0.]
[ 0.04156453]
[ 0.0333079]
[-0.]
[ 0.00730696]
[-0.]
[ 0.0405653]
[-0.]
[ 0.0377492]
[-0.]
[ 0.0320212]
[-0.]
[-0.]
[-0.]
[ 0.01738924]
[-0.]
[ 0.01715863]
[-0.]
[-0.]
[ 0.04522917]
[-0.]
[-0.]
[-0.]
[ 0.02044945]
[ 0.03412883]
[-0.]
[ 0.04529265]
[ 0.03658378]
[-0.]
[-0.]
[ 0.04667404]
[ 0.00942483]
[ 0.00644328]
[ 0.00383826]
[ 0.00611739]
[ 0.02166362]
[ 0.00870375]
[ 0.03038073]
[-0.]
[-0.]
[ 0.01238491]
[-0.]
[-0.]
[ 0.01997023]
[-0.]
[ 0.04261145]
[-0.]
[-0.]
[-0.]
[ 0.01988346]
[ 0.004054]
[-0.]
[-0.]
[-0.]
[ 0.04505071]
[-0.]
[-0.]
[-0.]
[-0.]
[ 0.00896884]
[ 0.02784243]
[ 0.0162406]
[-0.]
[-0.]
[ 0.00276437]
[ 0.00247176]
[-0.]
[ 0.021033]
[-0.]
[-0.]
[ 0.04082299]
[-0.]
[ 0.01820995]
[-0.]
[-0.]
[-0.]
[ 0.0188288]
[-0.]
[ 0.00785201]
[-0.]
[-0.]
[-0.]
[ 0.01963897]
[-0.]
[-0.]
[-0.]
[-0.]
[-0.]
[-0.]
[-0.]
[-0.]
[ 0.02589129]
[ 0.00318149]
[ 0.0092388]
[-0.]
[-0.]
[ 0.03033525]
[ 0.00960852]
[-0.]
[-0.]
[-0.]
[ 0.01285918]
[ 0.02604223]
[ 0.02787778]
[-0.]
[-0.]
[-0.]
[ 0.01978936]
[-0.]
[-0.]
[-0.]
[-0.]
[ 0.00431257]
[ 0.01654482]
[ 0.04466053]
[-0.]
[-0.]
[-0.]
[-0.]
[ 0.01746428]
[-0.]
[ 0.02956727]
[ 0.04078044]
[-0.]
[ 0.02889348]
[-0.]
[ 0.04534913]
[ 0.03106984]
[ 0.00471199]
[ 0.01146581]
[-0.]
[ 0.00469422]
[ 0.03385487]
[-0.]
[-0.]
[ 0.01187571]
[ 0.03948179]
[-0.]
[-0.]
[ 0.04551357]
[ 0.03979659]
[ 0.03478325]
[ 0.04128975]
[ 0.02306576]
[-0.]
[ 0.00336437]
[-0.]
[-0.]
[-0.]
[ 0.03730775]
[ 0.01534178]
[ 0.04642102]
[ 0.03450603]
[ 0.04726268]
[-0.]
[ 0.04423517]
[ 0.00146037]
[-0.]
[-0.]
[ 0.0033421]
[ 0.03535041]
[ 0.02855892]
[ 0.03468338]
[ 0.04454524]
[-0.]
[ 0.02862361]
[-0.]
[-0.]
[-0.]
[-0.]
[-0.]
[ 0.01897143]
[-0.]
[-0.]
[-0.]
[ 0.04899483]
[-0.]
[ 0.01988156]
[-0.]
[ 0.03440452]
[-0.]
[ 0.04679735]
[-0.]
[-0.]
[-0.]
[ 0.03033346]
[ 0.01386417]
[-0.]
[ 0.00166715]
[ 0.00112976]
[-0.]
[ 0.01450635]
[-0.]
[-0.]
[-0.]
[ 0.01749516]
[ 0.00726121]
[ 0.00280054]
[-0.]
[-0.]
[-0.]
[ 0.01012873]
[ 0.0446579]
[-0.]
[-0.]
[-0.]
[ 0.01407192]
[ 0.04465986]
[-0.]
[ 0.03914713]
[-0.]
[-0.]
[ 0.02714577]
[ 0.03619616]
[-0.]
[-0.]
[-0.]
[-0.]
[-0.]
[ 0.00777071]
[-0.]
[ 0.01234393]
[ 0.02158911]
[-0.]
[ 0.02535529]
[ 0.01871249]
[ 0.00542701]
[-0.]
[-0.]
[-0.]
[-0.]
[-0.]
[ 0.03553731]
[-0.]
[ 0.02477118]
[ 0.0484561]
[-0.]
[-0.]
[ 0.03232915]
[ 0.02760792]
[-0.]
[-0.]
[ 0.03704179]
[ 0.03309672]
[-0.]
[-0.]
[ 0.01720393]
[-0.]
[ 0.0202199]
[-0.]
[-0.]
[ 0.02837254]
[-0.]
[-0.]
[-0.]
[-0.]
[-0.]
[ 0.04113051]
[-0.]
[-0.]
[-0.]
[ 0.04005725]
[-0.]
[ 0.00941546]
[ 0.03781234]
[-0.]
[ 0.02329299]
[ 0.00828462]
[-0.]
[-0.]
[ 0.04493212]
[-0.]
[-0.]
[ 0.02084588]
[-0.]
[-0.]
[-0.]
[-0.]
[-0.]
[ 0.01260782]
[ 0.03114538]
[-0.]
[-0.]
[-0.]
[-0.]
[ 0.03673314]
[-0.]
[ 0.04298816]
[-0.]
[ 0.03475474]
[ 0.0299574]
[ 0.04154572]
[ 0.04168625]
[-0.]
[ 0.00395746]
[-0.]
[ 0.00323485]
[-0.]
[ 0.02609048]
[ 0.02417643]
[-0.]
[ 0.01984458]
[ 0.0056293]
[ 0.04218364]
[-0.]
[-0.]
[-0.]
[-0.]
[-0.]
[-0.]
[ 0.0049587]
[ 0.04941013]
[ 0.03621313]
[-0.]
[-0.]
[ 0.01407098]
[-0.]
[-0.]
[ 0.03805736]
[ 0.04027208]
[ 0.0456135]
[ 0.04298532]
[-0.]
[ 0.00822766]
[ 0.01034342]
[ 0.04719244]
[-0.]
[ 0.02972146]
[ 0.01731323]
[-0.]
[-0.]
[ 0.03101626]
[ 0.02159195]
[-0.]
[-0.]
[-0.]
[-0.]
[ 0.0327228]
[ 0.00832474]
[-0.]
[ 0.02173707]
[-0.]
[ 0.04090768]
[ 0.02849228]
[ 0.03773567]
[-0.]
[-0.]
[ 0.01330009]
[-0.]
[ 0.04471774]
[ 0.01091963]
[-0.]
[-0.]
[ 0.00682262]
[ 0.02994778]
[ 0.03747365]
[-0.]
[ 0.02454419]
[ 0.04164528]
[ 0.00133364]
[-0.]
[-0.]
[ 0.00081195]
[-0.]
[-0.]
[-0.]
[-0.]
[ 0.01759049]
[-0.]
[ 0.00808766]
[-0.]
[-0.]
[ 0.0050709]
[ 0.04293675]
[ 0.02108295]
[-0.]
[-0.]
[ 0.02269629]
[ 0.04459137]
[ 0.03912821]
[ 0.0157861]
[ 0.04487268]
[ 0.02082528]
[ 0.02832887]
[-0.]
[-0.]
[ 0.04372806]
[-0.]
[-0.]
[-0.]
[ 0.04281015]
[ 0.01695763]
[-0.]
[ 0.02610326]
[ 0.01135687]
[ 0.03929674]
[-0.]
[ 0.00402951]
[ 0.04054799]
[ 0.03113038]
[ 0.03932328]
[-0.]
[-0.]
[ 0.01694412]
[-0.]
[ 0.04339105]
[-0.]
[ 0.01448199]
[ 0.01794951]
[ 0.0251394]
[ 0.02097472]
[ 0.0171428]
[-0.]
[-0.]
[ 0.00729909]
[-0.]
[ 0.02632971]
[-0.]
[-0.]
[ 0.04832003]
[-0.]
[ 0.00361884]
[ 0.04630145]
[ 0.03160599]
[-0.]
[ 0.02562517]
[-0.]
[ 0.01287348]
[-0.]
[-0.]
[ 0.04961907]
[ 0.03285279]
[-0.]
[ 0.01536727]
[ 0.02738185]
[ 0.04754951]
[ 0.01239817]
[-0.]
[ 0.03174471]
[ 0.02691693]
[-0.]
[-0.]
[-0.]
[ 0.03764066]
[-0.]
[ 0.0194541]
[-0.]
[-0.]
[-0.]
[ 0.03942077]
[ 0.0427278]
[ 0.00020855]
[ 0.04140923]
[ 0.0243398]
[ 0.02931959]
[-0.]
[-0.]
[-0.]
[-0.]
[-0.]
[-0.]
[ 0.03069718]
[ 0.04583744]
[ 0.03588333]
[-0.]
[ 0.00371097]
[-0.]
[ 0.01235856]
[-0.]
[ 0.04971166]
[ 0.01927123]
[ 0.00418343]
[-0.]
[ 0.02635381]
[-0.]
[ 0.03441379]
[-0.]
[ 0.02903089]
[ 0.00613351]
[ 0.017311]
[ 0.02039558]
[-0.]
[-0.]
[ 0.0114271]
[ 0.0045378]
[-0.]
[ 0.01961335]
[ 0.03160575]
[-0.]
[ 0.02418658]
[-0.]
[-0.]
[ 0.0429569]
[-0.]
[-0.]
[ 0.02013359]
[ 0.00198649]
[ 0.03911059]
[ 0.02458844]
[-0.]
[ 0.03321232]
[-0.]
[-0.]
[ 0.0425275]
[ 0.04944688]
[ 0.00057801]
[ 0.01323395]
[ 0.03227618]
[ 0.04201316]
[ 0.03256368]
[ 0.04481884]
[ 0.02915641]
[-0.]
[ 0.00027485]
[-0.]
[-0.]
[-0.]
[ 0.01567963]
[ 0.02251201]
[-0.]
[-0.]
[ 0.00516013]
[-0.]
[ 0.02953351]
[-0.]
[-0.]
[-0.]
[ 0.02033062]
[ 0.00660733]
[ 0.01308142]
[-0.]
[-0.]
[ 0.00227842]
[ 0.00467164]
[ 0.03521052]
[-0.]
[-0.]
[-0.]
[ 0.03483406]
[ 0.02386899]
[ 0.00903581]
[-0.]
[ 0.03690833]
[-0.]
[ 0.03227439]
[ 0.04552749]
[-0.]
[-0.]
[ 0.01053933]
[ 0.00215637]
[-0.]
[ 0.04715714]
[-0.]
[ 0.04131187]
[ 0.03546789]
[ 0.03139183]
[ 0.04980216]
[-0.]
[-0.]
[-0.]
[-0.]
[ 0.03604865]
[-0.]
[ 0.03002068]
[-0.]
[-0.]
[-0.]
[ 0.02275589]
[ 0.00187651]
[ 0.00928595]
[ 0.02434829]
[ 0.0062886]
[ 0.02313132]
[ 0.01876434]
[ 0.02031684]
[-0.]
[-0.]
[-0.]
[ 0.01186417]
[-0.]
[-0.]
[ 0.01669783]
[-0.]
[ 0.00065674]
[-0.]
[ 0.00914357]
[-0.]
[ 0.02956143]
[ 0.04936028]
[ 0.04641049]
[ 0.04287306]
[-0.]
[ 0.0390004]
[-0.]
[-0.]
[ 0.023103]
[-0.]
[ 0.02898346]
[-0.]
[-0.]
[ 0.00278182]
[-0.]
[-0.]
[ 0.02649928]
[-0.]
[-0.]
[ 0.04053779]
[-0.]
[ 0.01115875]
[ 0.03938771]
[ 0.01838538]
[-0.]
[ 0.02343198]
[-0.]
[-0.]
[ 0.04911861]
[-0.]
[-0.]
[-0.]
[-0.]
[-0.]
[ 0.02172003]
[ 0.0408669]
[ 0.01763885]
[-0.]
[-0.]
[ 0.02745691]
[ 0.01722081]
[ 0.02672768]
[-0.]
[-0.]
[-0.]
[ 0.01907115]
[-0.]
[-0.]
[ 0.03761153]
[ 0.00806404]
[ 0.00570961]
[-0.]
[ 0.03797204]
[-0.]
[-0.]
[-0.]
[-0.]
[ 0.0099322]
[ 0.04423603]
[ 0.00136939]
[ 0.0232394]
[ 0.01678133]
[-0.]
[ 0.0031523]
[ 0.00789193]
[-0.]
[ 0.00282352]
[-0.]
[ 0.03671594]
[-0.]
[ 0.01523471]
[-0.]
[ 0.01574345]
[ 0.00557578]
[-0.]
[ 0.02837744]
[ 0.02971489]
[-0.]
[-0.]
[ 0.03707002]
[-0.]
[-0.]
[-0.]
[-0.]
[ 0.03328356]
[-0.]
[-0.]
[ 0.01181712]
[-0.]
[-0.]
[ 0.01616322]
[-0.]
[-0.]
[ 0.02734521]
[-0.]
[ 0.00208054]
[-0.]
[-0.]
[-0.]
[ 0.03035183]
[ 0.02641771]
[ 0.02078636]
[-0.]
[ 0.01518193]
[ 0.04736434]
[ 0.01722555]
[ 0.04475879]
[ 0.00966314]
[-0.]
[-0.]
[-0.]
[-0.]
[-0.]
[-0.]
[ 0.04533226]
[-0.]
[ 0.00177432]
[-0.]
[-0.]
[ 0.01774317]
[ 0.02766932]
[ 0.03083184]
[-0.]
[-0.]
[-0.]
[ 0.02444264]
[-0.]
[-0.]
[ 0.00523447]
[-0.]
[ 0.02928751]
[ 0.0425675]
[ 0.04739872]
[ 0.03362414]
[ 0.02729743]
[ 0.02673117]
[-0.]
[-0.]
[-0.]
[-0.]
[-0.]
[-0.]
[-0.]
[ 0.01630502]
[-0.]
[-0.]
[-0.]
[ 0.04325641]
[-0.]
[-0.]
[-0.]
[ 0.01436171]
[ 0.01481752]
[ 0.04952114]
[-0.]
[-0.]
[ 0.04313636]
[ 0.03445094]
[-0.]
[-0.]
[ 0.02673369]
[ 0.03750801]
[-0.]
[-0.]
[-0.]
[ 0.00331005]
[ 0.04118437]
[ 0.04814137]
[-0.]
[-0.]
[ 0.03908483]
[-0.]
[-0.]
[ 0.04453906]
[ 0.03726738]
[-0.]
[ 0.02406433]
[-0.]
[-0.]
[ 0.01142728]
[ 0.04885788]
[ 0.00025718]
[-0.]
[-0.]
[ 0.00538384]
[ 0.02904563]
[ 0.007162]
[ 0.01542321]
[-0.]
[-0.]
[-0.]
[ 0.02091695]
[ 0.03417552]
[ 0.0123224]
[-0.]
[-0.]
[-0.]
[ 0.01599929]
[-0.]
[-0.]
[ 0.04760928]
[ 0.02874482]
[-0.]
[ 0.01187257]
[ 0.00095291]
[-0.]
[ 0.03096063]
[-0.]
[-0.]
[ 0.02164732]
[-0.]
[ 0.0406622]
[ 0.04740817]
[ 0.03659964]
[-0.]
[ 0.03350824]
[-0.]
[ 0.03632889]
[ 0.00670854]
[ 0.0367907]
[-0.]
[ 0.03469577]
[-0.]
[-0.]
[-0.]
[-0.]
[-0.]
[ 0.0046615]
[-0.]
[ 0.02428747]
[ 0.0354698]
[-0.]
[-0.]
[-0.]
[ 0.04626644]
[ 0.02906176]
[-0.]
[ 0.02877103]
[-0.]
[ 0.03077221]
[-0.]
[-0.]
[-0.]
[-0.]
[ 0.0198995]
[ 0.03668782]
[ 0.02522052]
[ 0.04906725]
[ 0.04338951]
[-0.]
[ 0.03026092]
[ 0.04384452]
[ 0.01900688]
[-0.]
[-0.]
[-0.]
[ 0.02336789]
[ 0.00047398]
[ 0.02186359]
[ 0.00392731]
[ 0.04137186]
[-0.]
[-0.]
[-0.]
[-0.]
[ 0.00508976]
[ 0.02923559]
[-0.]
[ 0.0115936]
[-0.]
[-0.]
[ 0.04316788]
[ 0.02484841]
[ 0.04269011]
[-0.]
[-0.]
[-0.]
[-0.]
[-0.]
[ 0.01419467]
[-0.]
[-0.]
[ 0.00258156]
[-0.]
[ 0.02187947]
[-0.]
[ 0.03634861]
[-0.]
[ 0.04884047]
[-0.]
[-0.]
[-0.]
[ 0.04597848]
[-0.]
[ 0.01805573]
[-0.]
[-0.]
[ 0.01356703]
[ 0.03915174]
[ 0.0170587]
[ 0.03676249]
[ 0.03612305]
[ 0.00426248]
[-0.]
[-0.]
[ 0.03801848]
[-0.]
[ 0.01969688]
[ 0.00312573]
[-0.]
[ 0.04168404]
[-0.]
[ 0.03352172]
[-0.]
[-0.]
[-0.]
[-0.]
[ 0.00229015]
[-0.]
[ 0.01861141]
[-0.]
[-0.]
[-0.]
[ 0.0468971]
[-0.]
[ 0.00383543]
[ 0.02044212]
[-0.]
[ 0.01419654]
[-0.]
[-0.]
[-0.]
[-0.]
[-0.]
[-0.]
[-0.]
[-0.]
[ 0.02462523]
[ 0.03797399]
[ 0.01785899]
[-0.]
[ 0.0488638]
[ 0.01679311]
[ 0.00777757]
[ 0.01637678]
[ 0.03922934]
[-0.]
[-0.]
[-0.]
[ 0.03404173]
[-0.]
[ 0.04090352]
[ 0.00177224]
[ 0.0390417]
[ 0.04927227]
[ 0.04342153]
[ 0.00042469]
[ 0.00214832]
[-0.]
[ 0.00150081]
[-0.]
[-0.]
[ 0.02777321]
[ 0.04017146]
[-0.]
[ 0.03414908]
[ 0.02365956]
[-0.]
[-0.]
[ 0.01192183]
[-0.]
[ 0.01688189]
[ 0.02199391]
[ 0.01944235]
[ 0.0397254]
[ 0.02361636]
[-0.]
[ 0.04651917]
[-0.]
[-0.]
[-0.]
[-0.]
[-0.]
[-0.]
[-0.]
[-0.]
[-0.]
[-0.]
[-0.]
[ 0.04103673]
[ 0.01366893]
[ 0.04831981]
[-0.]
[ 0.01653841]
[-0.]
[ 0.04647554]
[-0.]
[-0.]
[-0.]
[ 0.01376244]
[ 0.02592845]
[-0.]
[ 0.03155041]
[-0.]
[ 0.03483378]
[-0.]
[-0.]
[ 0.04822193]
[-0.]
[ 0.02923021]
[-0.]
[ 0.0449459]
[-0.]
[ 0.0398888]
[ 0.00250876]
[ 0.02042456]
[ 0.0213164]
[ 0.02842901]
[ 0.01422005]
[-0.]
[ 0.02062939]
[ 0.04914374]
[ 0.02931667]
[ 0.0498382]
[-0.]
[-0.]
[ 0.03428132]
[ 0.00940967]
[ 0.02237051]
[ 0.00512767]
[-0.]
[ 0.02357746]
[ 0.00440668]
[ 0.00213307]
[-0.]
[ 0.01900763]
[ 0.02186456]
[ 0.02633389]
[ 0.04272011]
[ 0.0088866]
[-0.]
[ 0.02141592]
[-0.]
[ 0.03968176]
[-0.]
[-0.]
[-0.]
[ 0.03873285]
[-0.]
[ 0.0009227]
[-0.]
[ 0.00659721]
[-0.]
[-0.]
[ 0.0426679]
[ 0.00379486]
[-0.]
[-0.]
[-0.]
[-0.]
[ 0.03634522]
[-0.]
[ 0.00161973]
[-0.]
[ 0.02903089]
[ 0.01489354]
[-0.]
[ 0.01762855]
[ 0.04583814]
[-0.]
[ 0.02963107]
[-0.]
[-0.]
[-0.]
[-0.]
[-0.]
[ 0.00536798]
[-0.]
[-0.]
[-0.]
[-0.]
[-0.]
[-0.]
[-0.]
[ 0.0313395]
[-0.]
[-0.]
[-0.]
[ 0.0440223]
[ 0.0167912]
[ 0.04467701]
[-0.]
[-0.]
[ 0.01789008]
[ 0.02906697]
[ 0.03735157]
[-0.]
[-0.]
[-0.]
[-0.]
[ 0.03578348]
[-0.]
[ 0.015526]
[ 0.0101474]
[-0.]
[-0.]
[-0.]
[ 0.00182322]
[-0.]
[ 0.02801671]
[-0.]
[ 0.02578086]
[ 0.03833458]
[-0.]
[-0.]
[-0.]
[ 0.03303653]
[-0.]
[-0.]
[ 0.04272022]
[-0.]
[ 0.02939211]
[ 0.03643643]
[ 0.0431552]
[ 0.03680725]
[ 0.0037518]
[-0.]
[-0.]
[-0.]
[-0.]
[ 0.00340581]
[-0.]
[-0.]
[-0.]
[ 0.01225805]
[-0.]
[-0.]
[ 0.03884825]
[ 0.01288659]
[ 0.04025321]
[ 0.02204351]
[-0.]
[-0.]
[ 0.04966903]
[-0.]
[-0.]
[ 0.04888256]
[-0.]
[-0.]
[ 0.0476667]
[ 0.01300362]
[-0.]
[-0.]
[-0.]
[-0.]
[-0.]
[ 0.0202099]
[ 0.01801553]
[ 0.02348043]
[-0.]
[ 0.03040043]
[ 0.00262394]
[-0.]
[ 0.00847722]
[ 0.0075063]
[ 0.0406494]
[ 0.00051611]
[ 0.01628113]
[ 0.02852595]
[ 0.01500178]
[-0.]
[ 0.03228034]
[-0.]
[-0.]
[ 0.01810053]
[-0.]
[-0.]
[ 0.01188065]
[-0.]
[-0.]
[ 0.00198978]
[-0.]
[-0.]
[-0.]
[ 0.01205599]
[-0.]
[-0.]
[-0.]
[-0.]
[ 0.04799948]
[ 0.03955619]
[ 0.0182804]
[ 0.01390119]
[-0.]
[ 0.04960262]
[ 0.04821691]
[-0.]
[-0.]
[-0.]
[-0.]
[-0.]
[-0.]
[-0.]
[ 0.04814655]
[ 0.02848271]
[-0.]
[-0.]
[ 0.00064303]
[ 0.03827682]
[ 0.01895029]
[ 0.03708247]
[ 0.00638283]
[ 0.00926697]
[ 0.0142091]
[ 0.04600409]
[-0.]
[ 0.03851176]
[-0.]
[ 0.01726663]
[ 0.00993999]
[-0.]
[-0.]
[ 0.04062066]
[ 0.03029693]
[ 0.04450874]
[ 0.04727526]
[-0.]
[-0.]
[-0.]
[-0.]
[-0.]
[-0.]
[-0.]
[ 0.00755202]
[-0.]
[-0.]
[-0.]
[-0.]
[-0.]
[-0.]
[ 0.03367505]
[-0.]
[-0.]
[-0.]
[ 0.02405166]
[-0.]
[ 0.0133262]
[-0.]
[ 0.02955215]
[ 0.04656584]
[-0.]
[ 0.00905346]
[-0.]
[-0.]
[ 0.00175055]
[-0.]
[-0.]
[ 0.03713344]
[ 0.01359982]
[ 0.04810745]
[-0.]
[ 0.01333079]
[-0.]
[-0.]
[ 0.04889807]
[-0.]
[-0.]
[-0.]
[ 0.01790638]
[-0.]
[ 0.04462278]
[ 0.0305817]
[-0.]
[ 0.03568776]
[-0.]
[-0.]
[-0.]
[-0.]
[-0.]
[ 0.00208493]
[-0.]
[-0.]
[-0.]
[-0.]
[-0.]
[ 0.03919467]
[-0.]
[ 0.04270107]
[ 0.00519247]
[-0.]
[-0.]
[ 0.02250369]
[ 0.04163163]
[ 0.03822955]
[-0.]
[ 0.03062076]
[-0.]
[-0.]
[ 0.03576671]
[ 0.00257411]
[-0.]
[ 0.03145492]
[ 0.0284042]
[-0.]
[ 0.0012684]
[-0.]
[ 0.01748557]
[-0.]
[ 0.02185884]
[-0.]
[ 0.03310608]
[-0.]
[-0.]
[ 0.01218958]
[ 0.03115702]
[ 0.04625306]
[ 0.03197831]
[ 0.02330032]
[ 0.01431284]
[ 0.02555534]
[ 0.03294485]
[-0.]
[-0.]
[-0.]
[-0.]
[ 0.04668165]
[ 0.03083022]
[-0.]
[-0.]
[ 0.03549642]
[-0.]
[-0.]
[-0.]
[-0.]
[-0.]
[-0.]
[ 0.00237734]
[-0.]
[-0.]
[-0.]
[-0.]
[ 0.0161731]
[-0.]
[-0.]
[ 0.01831729]
[-0.]
[ 0.00275449]
[ 0.01176853]
[ 0.00352984]
[-0.]
[ 0.01040865]
[-0.]
[-0.]
[ 0.00113839]
[-0.]
[ 0.02935802]
[ 0.04013887]
[ 0.01391611]
[ 0.04622536]
[-0.]
[ 0.00145524]
[-0.]
[ 0.03240884]
[ 0.00191323]
[-0.]
[-0.]
[ 0.01318649]
[ 0.04630062]
[-0.]
[ 0.01154091]
[ 0.04159771]
[ 0.04894321]
[-0.]
[-0.]
[ 0.04519704]
[ 0.01621313]
[-0.]
[ 0.03444338]
[-0.]
[-0.]
[-0.]
[-0.]
[ 0.03525812]
[-0.]
[-0.]
[ 0.00278908]
[ 0.00533281]
[ 0.04737863]
[ 0.02465761]
[-0.]
[ 0.04749003]
[-0.]
[ 0.04684273]
[ 0.02197211]
[ 0.03962031]
[-0.]
[-0.]
[-0.]
[-0.]
[ 0.01990106]
[ 0.02120537]
[-0.]
[ 0.04942122]
[-0.]
[-0.]
[-0.]
[ 0.01984068]
[-0.]
[-0.]
[-0.]
[-0.]
[ 0.04468367]
[ 0.02172605]
[-0.]
[ 0.01255548]
[-0.]
[-0.]
[ 0.00510218]
[ 0.04728105]
[-0.]
[-0.]
[ 0.03587142]
[ 0.00855095]
[ 0.0322366]
[ 0.03840825]
[-0.]
[-0.]
[ 0.03505528]
[-0.]
[-0.]
[-0.]
[ 0.04081065]
[ 0.03738575]
[-0.]
[-0.]
[ 0.04391129]
[ 0.03345232]
[-0.]
[ 0.02873354]
[ 0.03720529]
[ 0.01455463]
[ 0.03613481]
[ 0.04634636]
[-0.]
[ 0.01075041]
[-0.]
[-0.]
[-0.]
[-0.]
[-0.]
[-0.]
[ 0.00940109]
[-0.]
[ 0.01645545]
[ 0.00117136]
[-0.]
[ 0.0104291]
[ 0.04684879]
[ 0.02507634]
[ 0.02724529]
[-0.]
[ 0.02840042]
[-0.]
[-0.]
[ 0.00475242]
[-0.]
[-0.]
[ 0.04944349]
[-0.]
[ 0.00857216]
[-0.]
[ 0.03391279]
[ 0.04034165]
[ 0.03460281]
[ 0.01262758]
[-0.]
[ 0.01005726]
[ 0.03484548]
[ 0.02941612]
[ 0.00313069]
[-0.]
[ 0.01586809]
[-0.]
[-0.]
[ 0.03741535]
[-0.]
[-0.]
[ 0.02005157]
[-0.]
[ 0.00613753]
[-0.]
[-0.]
[-0.]
[-0.]
[-0.]
[ 0.02820616]
[ 0.01462313]
[-0.]
[ 0.03216587]
[-0.]
[-0.]
[-0.]
[-0.]
[-0.]
[ 0.04382725]
[-0.]
[ 0.04297156]
[ 0.0220688]
[-0.]
[-0.]
[ 0.01680622]
[ 0.00017426]
[ 0.04169722]
[ 0.02829093]
[-0.]
[-0.]
[ 0.02359584]
[ 0.00872866]
[ 0.03623954]
[ 0.00167655]
[-0.]
[-0.]
[-0.]
[-0.]
[ 0.02923045]
[-0.]
[-0.]
[ 0.00156762]
[-0.]
[-0.]
[-0.]
[ 0.04392207]
[-0.]
[-0.]
[ 0.00959067]
[ 0.03015914]
[-0.]
[ 0.00169674]
[ 0.00580465]
[-0.]
[-0.]
[-0.]
[ 0.04160482]
[ 0.04286703]
[-0.]
[ 0.00825592]
[-0.]
[ 0.03715417]
[-0.]
[-0.]
[-0.]
[ 0.0044166]
[ 0.01458979]
[-0.]
[ 0.04632548]
[-0.]
[ 0.03840741]
[-0.]
[-0.]
[-0.]
[ 0.04452736]
[ 0.02930145]
[ 0.00137719]
[ 0.00949689]
[ 0.01249377]
[ 0.03064576]
[ 0.00456854]
[ 0.01305839]
[-0.]
[ 0.00067315]
[-0.]
[ 0.0375661]
[ 0.03536106]
[ 0.02085469]
[ 0.02442225]
[ 0.04291195]
[-0.]
[ 0.04047116]
[-0.]
[-0.]
[-0.]
[-0.]
[-0.]
[-0.]
[ 0.02038753]
[-0.]
[ 0.00634008]
[ 0.01713905]
[ 0.04225978]
[ 0.03533861]
[ 0.0391932]
[ 0.00969657]
[-0.]
[ 0.032596]
[ 0.04458508]
[-0.]
[ 0.00591364]
[-0.]
[-0.]
[-0.]
[ 0.01619494]
[ 0.02373794]
[-0.]
[-0.]
[ 0.02620659]
[-0.]
[ 0.03515066]
[-0.]
[-0.]
[ 0.01218047]
[ 0.03897795]
[ 0.00198721]
[-0.]
[ 0.02126645]
[-0.]
[-0.]
[-0.]
[ 0.04499335]
[ 0.0489243]
[ 0.00031749]
[-0.]
[-0.]
[-0.]
[-0.]
[ 0.02980757]
[-0.]
[-0.]
[ 0.03686665]
[-0.]
[ 0.0369182]
[ 0.02299347]
[ 0.01021876]
[ 0.00305478]
[-0.]
[-0.]
[-0.]
[-0.]
[ 0.03290966]
[-0.]
[-0.]
[-0.]
[-0.]
[-0.]
[ 0.00984078]
[-0.]
[-0.]
[ 0.02544531]
[-0.]
[ 0.00286335]
[ 0.02246506]
[ 0.02238813]
[ 0.01358369]
[ 0.00483518]
[ 0.029843]
[ 0.04764997]
[-0.]
[ 0.0296402]
[ 0.00285977]
[ 0.02478513]
[-0.]
[ 0.03085623]
[-0.]
[ 0.02499659]
[ 0.01475412]
[-0.]
[ 0.03658826]
[ 0.01345605]
[-0.]
[-0.]
[-0.]
[ 0.03601757]
[ 0.02907547]
[-0.]
[-0.]
[-0.]
[ 0.0019918]
[ 0.00364214]
[ 0.01856789]
[ 0.00448306]
[-0.]
[-0.]
[-0.]
[-0.]
[ 0.03756089]
[ 0.02775948]
[ 0.01221789]
[ 0.02533844]
[ 0.03522763]
[ 0.01647327]
[ 0.02987221]
[ 0.00497212]
[ 0.00801281]
[-0.]
[ 0.00067346]
[-0.]
[-0.]
[-0.]
[ 0.02483961]
[-0.]
[-0.]
[-0.]
[ 0.03352595]
[-0.]
[ 0.00945856]
[ 0.0418432]
[ 0.00287237]
[ 0.01020105]
[-0.]
[ 0.04298003]
[-0.]
[ 0.04792169]
[ 0.01127461]
[-0.]
[ 0.01203388]
[-0.]
[ 0.03905623]
[-0.]
[-0.]
[ 0.02806604]
[ 0.04884607]
[-0.]
[ 0.00878972]
[-0.]
[ 0.04455492]
[-0.]
[-0.]
[-0.]
[-0.]
[-0.]
[ 0.01329498]
[ 0.03184417]
[-0.]
[-0.]
[ 0.04062391]
[-0.]
[ 0.00782205]
[ 0.0002474]
[-0.]
[-0.]
[-0.]
[ 0.04026589]
[-0.]
[ 0.0409448]
[ 0.04280933]
[-0.]
[ 0.02786737]
[-0.]
[ 0.0251709]
[-0.]
[-0.]
[-0.]
[-0.]
[-0.]
[ 0.00568037]
[-0.]
[ 0.03484093]
[ 0.01175592]
[ 0.00452412]
[ 0.02251662]
[-0.]
[ 0.0396823]
[-0.]
[-0.]
[-0.]
[ 0.03432871]
[ 0.01808916]
[ 0.0184126]
[-0.]
[ 0.01051316]
[-0.]
[ 0.00416808]
[-0.]
