27  30  36  31  31  37  32  37  33  39  30  36  35
19  9  16  16  15  14  19  11  11  14  9  10  9
46  38  36  45  44  40  38  47  37  40  42  36  37  46  47
29  39  36  30  35  30  29  32  30  27  34
22  26  26  22  25  23  26  18  20  18  29
32  39  39  37  34  28  28  29  36  29  35
46  39  38  47  45  40  45  39  47  42
29  26  18  21  27  20  30  21  22  26  29  28  27  22  25
11  10  11  19  16  10  9  11  20  11  15  13  16  20  14
27  18  18  19  23  26  26  19  22  22  30  28  26
36  45  44  43  46  39  38  44  47  42  43
46  47  48  38  45  43  45  47  47  47  36  48
45  41  42  37  39  47  48  41  42  41  38  42  41  38
22  28  22  30  19  30  24  18  30  30  21
39  47  40  45  36  41  37  43  45  36  42  38  47
41  38  45  39  44  45  40  45  47  47  40  47
28  38  28  38  30  37  35  36  33  31  35  39  28
29  30  21  29  26  29  25  19  23  20  27  22  26
19  15  14  13  15  9  16  17  16  13  21  21  14  9
17  17  13  14  9  10  16  17  16  12  17  10  14  9  17
37  34  29  29  38  33  37  33  30  28  36  31  27
9  21  11  14  12  10  10  9  12  19  16  18  11  13  10
37  47  45  38  45  38  41  36  45  39  42  39
39  28  33  39  34  38  36  29  27  33  35  36  29
12  11  13  12  16  10  21  19  10  10  11  10  18  10  12
29  20  19  30  21  26  18  23  25  24
43  36  44  43  46  39  36  46  36  40  44  42  47  36
45  47  45  48  48  43  38  36  37  39  37  43  48  40
21  19  20  21  25  27  23  20  28  22  23  30  25
29  36  39  35  27  38  38  32  33  34  37  37  27
28  33  30  28  31  28  28  39  34  32  37  30
19  18  18  28  20  20  25  29  24  18  19  22
13  19  19  21  10  17  11  13  17  11  15
37  38  30  33  29  39  33  37  33  31  34
48  48  40  37  36  37  40  45  36  42  41  48  44
26  26  26  27  19  18  26  25  22  22  18  21  27  29
38  39  39  37  38  43  38  48  37  37
10  19  14  19  10  16  9  11  20  20  10
21  24  21  18  18  20  26  24  21  19  21  29  25
38  28  39  38  33  37  39  29  36  36  35
23  25  19  19  19  24  27  29  28  27  24  30
11  19  10  16  21  15  20  15  17  14
18  12  12  13  18  12  18  14  16  21  13  15  20  16
36  28  33  36  39  37  31  36  28  35  28  35  39
41  42  39  42  41  46  43  47  45  46  46  45  37  48  36
37  44  40  36  42  42  44  38  36  41  48  42  37  44  40
19  19  28  24  29  20  30  30  25  28  20  30  29
20  25  27  18  20  25  23  23  19  27  18  20  28  27  24
15  20  17  16  12  15  17  16  14  9  17  10  14
32  39  34  33  37  28  31  38  28  31  28  31  29  27  34
34  36  30  36  30  35  34  36  37  38  36  38  27  27  38
19  14  9  14  19  9  12  18  21  12  11  20  14  12  13
28  21  22  21  30  24  21  28  23  23  24  20  29  25
21  15  10  13  11  15  10  18  21  9  11
10  11  19  20  11  21  20  14  21  17  17  10  12  18
18  18  15  19  16  16  14  17  21  13  19  16
30  29  23  18  23  22  29  18  28  24
40  39  47  41  47  42  47  47  45  48  48  36  37  40  45
10  12  14  15  10  15  14  12  16  9  20
47  39  40  36  42  39  36  40  36  36
12  12  9  16  18  13  9  14  17  14  11
16  17  21  17  20  17  14  21  21  13  15  9  18  19
20  18  18  10  13  19  17  14  18  18  19  16  15
37  47  42  38  43  37  43  46  44  41  45
17  19  13  17  11  9  16  17  16  18  18  13  13  20
21  23  26  28  28  28  20  29  30  28  23  27
26  19  21  21  18  19  28  18  25  22  27  25  21  22  20
28  26  20  20  24  25  24  21  18  21  28  24
37  28  29  33  27  28  35  35  33  36
18  14  14  18  17  17  18  12  15  11  14
29  21  20  20  26  29  19  20  20  20  29  28  23
23  30  22  24  22  23  27  27  20  23  22  29  22  27
38  28  34  33  27  30  30  30  39  35  29  36  31  35
36  33  37  28  34  36  37  37  35  27  35  33  35  34  34
18  14  10  18  10  16  11  10  13  20  16  10  19  21  16
11  13  14  21  12  10  11  18  16  10  20  15  9  15
36  38  42  46  45  45  45  37  42  39  39  48  45
37  45  36  38  45  48  45  39  40  48  40  48
10  18  13  9  16  14  12  21  11  9  15  15  21  12  9
30  25  25  21  20  29  30  18  28  26  24
37  37  45  45  42  36  48  38  44  36  41  40
16  10  12  11  14  16  18  16  9  20
34  29  34  30  35  36  27  39  33  36  32  34
39  39  37  33  35  38  35  28  32  36
22  28  28  23  23  25  24  30  19  26  28  23
26  18  27  18  20  21  19  18  19  30
36  34  30  30  32  27  36  33  29  28  33
43  40  39  43  41  44  39  38  48  37  48  38  46
45  48  43  42  43  41  42  46  43  39
16  15  18  10  9  20  10  16  19  13  13  21  12
33  39  39  37  29  31  34  36  37  31
20  11  13  15  21  12  14  12  11  17
9  14  16  16  9  10  11  10  19  13  14
14  21  12  13  16  15  16  19  18  14  20  18  17
28  34  38  38  28  32  37  28  36  29
12  13  12  14  17  14  13  20  21  21  21  21  20  13  9
18  28  28  19  21  25  20  23  21  28  21  23  28  18  23
30  29  32  39  27  37  35  37  33  38  30  37  37  35
33  39  31  32  37  30  29  33  34  39  39  28  36  27  32
38  38  41  37  36  36  43  37  45  41
48  40  46  36  39  45  41  41  40  45  41
30  34  27  36  37  38  38  32  32  38  39
24  27  19  26  20  27  23  23  18  28
47  41  48  46  44  43  46  43  48  42
33  30  38  31  34  30  37  34  29  32  38  37  28
26  23  28  28  29  28  27  28  28  20  22  24
42  39  48  38  41  38  36  36  41  46  44  40  40  36
27  28  31  34  30  34  35  34  36  28
26  18  20  25  25  23  23  22  24  26  21  26  19  21
26  21  18  18  26  21  26  24  25  28  26  18  28  21
43  46  38  36  47  36  39  44  39  38  41  46
28  18  23  19  22  30  19  28  22  29  25  20
35  29  37  35  39  31  38  32  37  38
32  32  37  35  36  32  29  37  32  35  36  37  39  27
40  47  36  45  41  41  42  47  39  47  40  45  39
48  46  43  37  43  42  37  42  43  36  40  47  42  38
28  39  33  31  35  39  33  27  28  39  29  32  27  35
46  38  46  47  37  42  37  48  43  41  42  44  48
35  31  33  28  32  31  33  27  33  37  36
33  37  29  27  35  28  30  29  36  32
45  42  44  39  46  43  38  46  47  37  45  48  47  47
21  9  19  16  11  12  19  12  14  15  10  17
16  16  14  20  10  12  10  11  9  9  9  18  14  18  15
20  20  27  27  21  21  21  20  24  22
40  36  43  42  42  47  43  43  47  40
29  38  32  30  35  37  37  37  27  30  27  27
20  9  21  20  18  18  14  18  20  10  19  19  11
33  28  39  31  36  28  37  35  27  37  35  30  33  27  35
36  35  36  37  29  30  33  35  34  33
45  46  42  43  46  44  44  39  47  39
18  23  25  29  30  22  29  20  26  24  29  21  18  22
28  26  24  29  29  21  18  19  18  29  28
27  36  33  30  33  35  31  30  30  33
20  12  9  11  15  9  9  14  21  13  17
11  9  19  10  20  9  10  19  13  17  18  12
23  26  21  23  25  28  19  18  26  24  24  21  24
37  36  40  36  40  37  36  45  39  47  38  39  47
20  19  19  23  29  25  30  29  30  30  26  27  18
36  28  39  27  28  33  31  31  33  32
32  35  31  27  39  37  30  38  32  38  34  29
10  20  11  21  20  9  11  11  12  17  13  20  13
21  10  12  14  16  14  21  15  20  17  10  9  16  13  9
27  33  38  39  32  29  35  31  31  37  38  39  31
17  14  21  18  15  21  15  15  15  10  21  18
40  38  43  48  46  40  45  37  47  47  48  46  46  42
11  14  17  10  11  19  16  18  13  15
34  39  27  33  38  36  28  36  27  29
43  44  46  40  40  48  39  37  48  47  44  38  39  39
45  36  48  43  41  47  38  47  40  46  41  38
28  29  25  21  27  22  21  26  28  27  23  29  22  21  19
37  39  32  31  29  36  28  27  29  36  33  39  27
12  16  9  18  20  13  15  16  16  15  18  12  19  10  11
13  20  12  10  20  11  17  11  15  11
19  17  10  14  20  12  19  20  20  12  10  12  20  11  20
26  28  23  25  30  30  26  29  26  25
41  39  36  39  37  38  48  39  37  38
11  21  12  20  15  9  15  18  12  13  11  18  15  10
21  17  20  16  13  12  9  18  13  11
22  20  22  30  28  28  23  26  26  25  18  27
40  45  36  38  43  39  36  46  38  45  36  48  38
25  22  20  29  30  26  21  25  29  21
15  14  13  14  14  16  12  9  13  20  19  10  12  20  17
28  31  28  36  27  39  36  38  38  34  27  29  31
46  45  48  38  42  45  37  48  44  40  48  48  46
20  12  21  11  10  18  13  12  14  14  20  18
15  21  9  10  19  21  11  16  12  14  20  21
29  34  39  37  38  27  35  35  33  39  38
11  12  15  18  19  11  10  11  11  13  17  19
44  38  42  37  40  37  44  37  45  45  45
45  41  43  44  38  40  41  44  48  36  37  39  44  36
45  45  42  42  37  39  41  41  46  45  46  48  44  44  36
38  48  43  39  40  46  39  42  45  39  46  46
18  26  18  24  26  30  30  28  19  23  27  22  28  28  26
27  39  31  27  33  33  32  29  37  34  35  34
21  20  27  30  23  25  29  23  30  21  20  19  18
15  17  20  9  15  9  13  9  12  9  14  15  10
26  26  27  19  20  19  24  25  20  22  29
41  43  39  45  43  42  36  37  48  40  45  37  46
35  34  35  36  34  34  28  38  36  36  33  38  35
28  30  18  29  27  27  19  28  24  28  26  26  29  23
17  11  14  9  13  20  17  11  9  21  16  13  11  15
48  41  45  47  37  39  44  36  38  38  38  45  45
28  26  29  21  24  22  21  28  25  28  27  23  23  28  21
29  29  29  27  28  26  19  24  28  26  29  21
20  26  24  22  30  26  24  29  25  27  29  29
27  20  22  25  28  29  29  26  30  18  18  26  26  25  30
10  19  20  19  17  12  14  10  16  20  11  13
18  18  12  17  14  17  10  17  11  13  20  16  11
27  21  25  29  23  22  28  28  20  20  30  26  27
28  22  21  30  27  24  26  28  27  19  23  23
26  26  26  21  21  30  28  26  30  30  21  25  23  26  21
39  45  43  47  47  45  41  41  46  46  39  44  37  48
22  25  22  23  23  19  28  23  27  20  25  21  28  27
24  28  27  21  22  21  26  28  27  21  24  26  27  22
31  36  39  33  31  28  27  27  35  32  27
27  29  34  30  27  30  37  39  27  27  39  34  29  30
20  11  10  18  9  12  20  11  19  10
32  28  37  34  29  28  32  29  32  32  37  34  32
28  22  21  22  23  25  28  26  25  29  23  29  23
22  26  21  19  26  27  29  25  27  22  20  23
14  13  18  12  15  14  17  19  19  17  11  16  21
17  13  12  19  19  20  21  14  19  19
18  18  12  12  13  9  21  12  9  20  11  12  19  16
15  10  14  9  9  9  10  11  11  13  11  15
41  47  42  47  46  42  38  44  38  46  36  44
18  9  17  10  10  13  11  9  15  9  11  19  9
38  38  37  42  42  45  38  40  36  46  39
18  23  26  29  28  30  22  26  18  18  29  25  19
12  16  13  11  13  18  12  15  20  16
19  19  17  10  20  13  9  21  16  10  19  17  14  17  15
14  15  16  19  16  19  9  17  16  19  14  17  20
37  48  44  43  36  36  46  40  38  37  38  48  36  42
39  43  45  47  43  38  41  39  42  40  40  41  47
29  29  32  33  33  39  34  36  27  28  32  38  31  30
38  48  37  40  41  39  47  46  48  47
46  39  36  47  47  43  40  37  38  36  45  44
33  36  37  27  30  30  36  28  28  39  36
20  23  26  26  18  23  25  25  19  24  23  19  25  25  29
40  36  36  41  43  48  46  42  46  41
14  12  12  16  10  20  12  21  20  18  21  10  13  19  14
48  37  42  47  47  45  37  46  37  36  38
11  15  12  9  19  15  17  17  15  19  13  20  12  19
33  30  29  31  28  35  31  33  28  33  36
14  20  18  13  20  21  12  15  9  18  21  17
17  14  14  20  11  15  9  16  21  18  13  12  12
36  38  36  33  29  33  27  36  36  33  33  36  32
38  27  29  37  35  29  37  31  37  36  30  30
30  37  32  34  28  39  33  30  33  27  39  36
32  30  29  37  28  30  35  34  27  32  36  29  30
46  38  40  45  44  37  46  37  46  41  36  36  41
14  19  9  20  18  10  11  20  16  20
46  44  47  44  39  39  48  39  47  44  48  40  46
35  32  28  36  37  39  37  36  30  37  35  33  32
20  20  9  18  15  20  11  12  14  13  20
12  21  11  12  14  14  21  18  19  18
44  43  44  43  46  48  41  38  44  36  43  42  42  36  36
23  18  27  28  25  20  21  24  28  18  25  26  18
22  18  27  21  23  18  19  20  22  28  27  19
27  34  38  33  29  37  36  37  37  29
44  45  42  48  41  46  38  37  37  36  44  40  47  38  41
48  43  47  46  40  47  43  36  47  46  43
27  18  20  26  22  19  23  27  25  24  20  23  20
41  46  48  39  40  38  37  38  40  43  46
46  41  39  41  47  36  47  45  48  40  38
33  32  31  34  38  37  34  29  36  35  32  28  31  30
21  14  12  20  17  21  17  12  10  14  12  18
33  39  28  30  32  39  34  35  27  38  35  32  27  35
23  30  29  22  21  22  30  24  20  21  26
17  13  10  18  11  12  9  15  15  11
19  21  20  27  23  29  29  21  27  29  28  25  22  30
15  9  15  15  21  12  16  17  21  14
37  31  32  28  35  28  34  27  34  31  28
33  34  32  28  27  39  33  33  32  35  32  35  36
18  21  25  18  28  19  28  30  19  30  29
41  48  46  39  39  41  37  47  41  47  37  42  40
46  46  44  40  48  43  46  40  39  48  42  45  37  47  46
24  21  21  24  20  18  22  24  21  19  30  27  28
21  28  24  25  28  26  22  25  19  18  30  22  29
10  12  16  15  21  18  11  9  15  16  19  10
47  43  42  43  40  42  42  47  45  38  42  39
25  24  21  29  29  21  26  27  25  28  25
42  47  38  43  39  42  46  41  46  44  36
20  26  19  29  20  25  20  27  24  29  29  18  24  24
38  28  30  38  38  34  32  33  36  39  30  30
13  17  9  16  10  19  16  21  10  20  20  11  17  10  9
14  16  15  10  11  21  11  20  17  16  9  12  19  9  12
41  38  43  48  38  39  48  37  38  41  45  47  42
37  42  39  39  36  48  43  45  46  46
46  36  46  43  46  36  47  42  41  45  40  36  39  44
19  23  26  30  29  18  21  18  30  22  19  22  20  21
27  29  22  25  24  27  23  25  27  23  29  22
25  29  20  20  23  22  27  22  25  20  21  18  21  30  22
37  44  40  44  45  36  39  36  42  41
10  12  11  16  16  9  12  20  16  14  12  20  15  15  9
9  18  16  18  19  16  15  11  18  14
43  37  40  39  43  40  39  38  46  43
45  40  43  46  46  36  36  41  44  41  47
15  15  12  20  18  10  20  16  20  19
44  45  36  37  45  40  42  39  41  37  44
22  26  26  23  19  27  19  20  20  29  30  24  22
37  34  34  35  34  36  36  39  39  28  38  30  39  29
31  34  39  28  34  32  32  37  34  29  37  29  28
43  48  37  42  44  41  45  44  36  41  48  45
46  45  48  41  44  41  48  38  41  41  42  40  37  45
35  31  33  31  33  33  27  37  30  36  30  37  30  32  29
36  36  41  43  41  43  47  45  41  36  48
39  39  37  30  30  37  32  38  28  34
29  31  38  28  28  30  34  36  38  32  35  31  33
21  10  17  20  9  9  11  21  17  21  20  21  18
43  41  37  41  45  45  43  42  41  43  37  45  42
19  19  17  13  20  16  17  10  19  20  16  19  16
35  32  31  37  39  29  29  30  33  29  34  36  32  36  37
43  38  36  39  42  45  39  44  36  37  36
11  11  10  11  14  12  12  14  18  15  12  16  19
29  27  26  28  27  26  22  22  28  19  23
27  30  33  27  39  34  37  30  33  36  28  28
36  48  38  41  39  41  40  39  47  48  39  38  47
9  12  15  16  11  11  18  10  19  18  10  17  14
18  29  27  28  19  20  27  23  24  29  23  28
18  18  27  22  18  25  28  25  23  29
46  46  38  47  40  37  48  37  48  45  43  44  44  36  36
28  29  37  36  31  32  37  34  37  31  31  37  31  34
17  12  12  18  19  21  21  19  13  16
36  38  38  28  36  38  33  35  34  30
14  14  14  12  15  10  14  15  9  14  17  20  12
46  47  42  44  37  44  37  43  43  46  37  38
24  23  30  28  27  22  18  30  28  20  24
11  20  12  17  17  12  16  19  11  19  12  14  18
21  27  21  18  22  22  22  29  27  18  29  18  18
9  18  20  15  20  18  21  16  11  21  15  21
9  15  18  19  14  14  19  14  12  15  15  11  17  20
40  45  41  45  41  48  38  36  37  42  47  44  46
32  28  31  32  33  37  38  29  39  29  35  32
18  29  24  20  23  22  26  21  26  21  25  26
37  29  28  38  29  27  35  34  30  36  27  27  27  35
33  33  37  34  36  31  27  39  36  34
25  26  21  25  28  24  24  26  19  27  25  25
23  26  19  18  26  20  28  26  29  19  24  21  29  18  27
27  27  25  25  28  24  25  28  29  21  28
14  20  17  17  10  12  10  9  12  15  17  19  14  19
41  47  40  48  37  36  47  41  44  37  39  46
35  28  39  39  27  33  32  34  30  32  38  39  37
17  11  14  15  20  9  19  12  9  9  10  10
28  25  29  30  20  23  20  29  22  28  30  27  20
47  43  42  36  39  40  41  38  46  39  47  38
32  38  27  33  39  33  28  36  27  29  28  29
13  12  19  9  16  21  14  21  17  10  15  14  18  17  12
47  48  43  48  48  47  45  46  36  47
46  47  40  46  46  47  36  40  38  47  36  47  48  45  45
17  15  9  11  19  11  12  11  12  16  17  18
20  30  20  29  26  22  24  21  20  25  26
21  21  22  18  19  28  26  19  22  28
17  10  14  14  9  20  14  15  17  13  9  17  20
30  36  37  37  38  29  34  35  36  28  37  33
15  21  20  15  21  14  9  13  15  21
22  19  21  27  26  27  27  28  19  22  26  26  20
19  26  30  27  19  19  26  19  30  26  28  19
46  42  46  41  43  41  36  42  37  43  45
43  45  39  38  36  37  47  41  47  46
28  18  20  21  18  21  22  27  23  29  25  25  22
30  18  27  25  19  25  29  23  25  26
16  21  16  14  11  9  17  18  9  11  9  21  9  12
25  25  29  27  22  19  20  29  19  26  18  27  21  21  29
28  20  28  23  28  29  18  30  21  18  19  25  24  25  24
25  27  29  22  23  18  26  18  24  27  27  24  29  28  18
36  31  32  39  39  30  38  32  38  27  33
24  22  29  18  19  26  24  23  30  22  18  27  25  25  27
27  18  18  30  30  30  29  29  23  26  24
36  42  42  47  48  48  46  44  36  40  40  37  47  39  37
19  21  20  24  24  26  25  30  25  27
14  21  9  14  12  10  18  21  21  13  9  12  19
48  39  46  41  45  37  45  44  42  38  40  38  40
19  16  11  16  17  13  17  15  9  16
20  25  27  21  22  27  26  19  18  26  20  22  21  22
28  35  39  37  35  32  29  29  28  34  33  29  27  27  38
31  35  35  29  38  32  33  28  34  35  30  31
37  38  40  40  39  48  44  40  43  44  48  39  39  39  43
20  12  13  19  9  17  9  9  19  17  14  14  17  16  13
38  41  38  45  48  38  46  45  47  40
27  18  29  20  30  25  28  26  25  20
36  39  38  44  38  37  46  37  44  48  38
39  31  31  36  27  29  33  29  31  32  27  27  38  39
38  48  36  38  45  39  44  45  38  44  42
48  42  36  39  36  37  43  41  37  38  44  36  40
46  47  48  44  44  41  38  36  43  41  48  37  40  47  39
27  27  30  23  24  27  22  26  23  29
29  20  19  22  20  30  27  28  22  23  27  24  26  28  25
24  21  24  24  29  29  22  24  30  21  30  25
18  28  27  25  18  18  28  23  29  25  26
24  27  19  22  22  24  26  30  22  24  26  28
24  18  27  18  26  29  24  23  19  20  26
43  43  40  47  38  40  42  45  47  39  48  45
37  48  40  39  46  40  39  45  45  48  37  45  41
42  44  48  44  41  48  45  46  38  46  48
39  38  28  33  39  39  37  39  27  31  35
42  45  42  43  48  43  43  38  45  45  41  38  43  48  39
38  30  39  38  34  30  37  35  32  37  29  33  38  38  32
23  27  30  25  21  18  30  18  20  23  23  30  27  28
34  31  29  31  33  28  38  27  28  31  34
32  33  39  34  27  27  29  31  31  35  36  27  31
32  30  37  30  35  29  38  30  33  29  30  38
32  33  35  33  29  27  37  31  36  36
36  38  29  36  31  30  37  28  32  36  31  35  30
21  20  25  20  22  23  25  26  28  29  23  19  25  20
14  21  15  15  19  13  20  16  16  11  9  16
30  35  32  33  34  28  32  36  38  27  36  30  29  33  32
35  34  37  32  38  35  33  27  33  36  39  30  38  36
27  34  36  29  33  39  29  28  27  32  33  38
11  19  21  9  15  19  20  18  18  18  16  12  16  14
37  40  44  36  44  39  37  44  37  45  45  45  40  46  42
44  47  46  43  39  38  48  43  45  44  45
36  40  39  40  36  40  40  42  37  41  38  44  41  41  36
37  39  41  41  41  36  46  44  44  36  48  36  40  44
39  48  37  39  44  45  48  44  38  37  40
11  21  18  10  11  19  17  11  15  17  10  21  11
38  41  36  39  48  46  42  44  36  46  46
47  45  36  48  42  46  38  40  45  36  47  42  44  48  46
25  21  19  18  26  26  25  29  22  28  22  27  29  18
30  18  19  22  18  22  29  22  26  26  30  26
22  24  19  27  19  19  26  24  23  28  23  21  19
27  20  24  29  25  24  28  30  25  26  25  20  23
13  9  20  13  9  17  19  18  20  12  11  15  21  19  13
41  46  44  42  39  39  46  48  45  42  37  36
47  47  44  43  46  45  48  36  46  47  37  39  39  47  40
20  25  29  28  19  22  23  27  20  28  27  18
21  22  29  29  24  22  22  24  26  18  24  19  30
33  30  28  34  33  35  36  32  32  36  36  37  37  32  31
39  31  28  27  39  27  33  39  28  34  27  36  39  38  34
12  14  20  14  21  11  12  14  12  11  16
19  29  26  27  21  26  21  25  24  27  25
24  27  19  26  18  27  28  20  25  26
19  17  18  15  21  16  11  13  16  20  19  12  12  17
34  35  34  27  34  34  33  36  39  29  29  30  34  33  39
46  38  48  36  48  39  38  46  47  43  40  46  39
28  36  31  33  27  37  32  27  35  28  36  33  27
10  10  15  18  16  14  18  14  20  19  16  13  13  15
31  31  38  33  31  34  38  36  29  27  36  36
20  20  21  24  20  26  20  26  22  22  22  22
32  39  35  38  27  33  29  34  38  28  32  30  30
38  42  46  47  47  47  44  41  37  47  41  46  36  45
19  20  22  29  29  27  21  28  27  27  29  26  30  18  23
11  19  14  19  11  17  20  11  10  9  12  14  12
25  27  20  27  25  22  29  28  28  22  18  30  27  28  23
11  11  11  10  16  18  17  10  11  12  14  15  19  13  14
48  42  47  47  44  36  39  42  37  47  46
41  43  41  46  38  43  47  43  42  36  41  44  40  45
46  47  46  48  44  38  40  43  38  36  40
37  37  43  45  44  36  46  40  45  42  36  42  39  43
21  17  18  16  17  20  19  13  16  21
38  43  36  47  45  37  42  37  36  47  45  44  42  43  45
13  16  12  18  15  16  19  15  9  15  21  10  19
18  18  19  24  25  22  30  22  23  27  25  26
9  10  21  9  14  12  18  12  20  12  17  11  13  13
39  48  40  38  36  42  45  38  48  48  45  36  42
39  45  41  39  43  40  43  39  44  39  43
14  21  17  13  21  17  15  12  17  21  21  14  11  9  19
34  37  30  36  32  38  36  37  32  29  28  39  29  30
19  13  16  13  17  13  13  15  18  16  12  17
35  37  34  32  37  36  31  33  27  39  38  37  33  32
30  33  39  38  35  31  38  27  28  30  36  32  36  29
36  33  36  39  27  30  27  38  37  38  37  39  33  27
42  47  48  48  37  44  46  42  46  43  48  45  36  43  38
39  34  38  38  31  38  39  29  28  36  35  35  29  37
45  43  43  43  47  42  48  47  44  47
28  29  32  31  36  33  34  34  29  35  36  29  28  29
29  28  32  30  34  36  36  27  38  39  36
31  35  31  32  35  32  28  27  37  35  35  27  37  27
9  18  13  14  21  12  11  14  13  10
39  44  42  41  40  44  47  39  36  37  36  37  37  48  44
24  26  30  29  22  28  23  21  24  24
27  38  30  31  37  28  27  31  30  28  29  36  27  37  38
38  37  46  43  38  41  43  47  42  47  42  46  38  44
13  11  18  21  10  16  19  17  19  18  10  10  19
36  34  37  37  29  31  29  27  30  28
48  48  40  41  37  48  40  41  48  40  39  39  37  38  43
34  29  32  27  29  31  38  39  37  29  34  32  36  38
11  18  11  19  13  17  12  11  19  20  20
35  33  35  33  30  34  36  35  36  27  34  28  39  35  28
28  19  20  24  28  24  30  29  30  29  30  20  26  30  28
23  26  22  22  22  25  19  24  29  24  24  18  25  28  25
43  44  41  42  44  41  38  46  36  45  43  38
32  31  30  30  34  34  27  38  37  27
38  34  31  31  31  36  27  32  39  33  34  31  33  37
40  43  36  48  48  40  39  46  40  44  48  46  43
12  11  10  12  13  21  17  18  19  16  15  14
31  36  28  29  35  27  30  33  31  38
18  20  22  19  24  24  25  30  22  23  19  28  25
13  11  17  21  21  11  17  10  18  20  17  17  9
12  10  10  10  17  21  10  17  16  10  15  21
29  29  30  29  36  36  34  37  38  38  29  32  28  38
46  39  37  37  42  36  41  37  39  47  37
32  36  29  31  27  28  31  28  28  37  29  31  27  38  27
15  12  10  16  18  18  19  20  9  15  14  13  17  17
41  36  45  37  41  48  42  45  48  42  42  39
40  47  44  37  36  41  47  43  41  37  38  38  40  48  46
28  23  18  30  20  19  25  19  22  23
29  30  31  27  28  38  36  30  34  38
39  38  30  29  33  29  32  28  35  36  36  31  38  36  31
33  31  33  38  35  28  29  28  36  30
15  9  11  10  14  17  15  18  9  21  12  10  12  10  13
15  11  18  14  11  14  12  18  18  16  12
13  19  10  17  16  20  21  15  11  20  17  13  13
11  16  17  20  14  20  16  14  14  12  20  14
15  9  16  15  18  19  14  18  20  19  14  16
19  16  20  16  19  9  10  21  11  14  12  14  20
11  10  9  14  15  13  18  19  21  21  19  16
40  38  46  46  47  39  45  45  37  43  48  38  37
28  25  20  28  25  20  25  30  28  22  28  25
34  38  30  35  39  33  34  33  35  38
28  25  28  25  24  27  28  27  27  23  25  23
19  18  13  21  20  21  10  14  11  16  21  17  16  18  19
37  36  36  39  27  33  35  33  39  39  37  38  29
47  37  39  48  43  43  38  41  47  38  42
39  29  36  35  31  33  34  35  36  38  39  35  30  30
16  16  13  18  18  14  16  12  16  10
32  33  29  29  33  37  28  29  33  29  37  35  32  39  36
23  24  19  20  18  24  24  25  24  23
45  41  45  47  47  43  48  38  37  46  41  39
31  28  30  27  33  32  35  32  32  35  33
24  21  22  28  28  26  24  28  24  22  25  19
31  38  31  30  35  31  36  32  32  38  39  33  27  32  39
18  20  14  20  9  16  15  12  9  15  20  18  11
47  48  48  39  38  45  39  40  47  38  46
34  35  28  39  29  35  30  30  34  28  37  32  37  38  36
21  17  19  14  17  16  10  19  18  18  20  12  14  17
45  44  46  44  43  37  47  43  39  47  45  38  39  38  39
20  22  25  28  18  18  27  29  21  23  24  27
20  25  21  22  28  30  22  29  24  21  21  22
20  18  27  28  19  30  23  28  18  25  23  28  30
15  20  9  20  17  21  10  12  9  9
44  45  44  47  48  38  47  47  44  42  44  37  44  38
25  18  27  22  30  30  21  29  24  23  23  29  18
28  30  20  30  23  18  27  22  30  19  30  26  24  22  18
32  35  35  31  39  31  32  31  32  29  27  33  34  33  33
28  19  30  27  28  22  27  22  19  23  26  30  30
37  37  38  40  43  37  40  40  38  43
28  35  31  27  33  27  27  31  32  31  30  33
13  18  20  20  20  19  10  17  9  19  16
35  39  27  33  31  37  27  32  32  35  32  37  37  32  31
39  39  32  34  33  30  35  29  37  34
21  23  18  27  29  30  30  24  27  28  19  25  25  28
21  28  23  20  19  25  27  20  19  27  20
18  18  16  12  18  19  16  14  11  14  20  13  9
17  14  19  17  9  9  12  14  20  13  18  20  20  18  19
38  32  29  30  35  37  30  34  29  33
32  28  35  28  32  33  33  37  38  38  38  31  30  37
26  18  19  19  25  23  27  21  23  28  18  20  18  23  20
21  26  24  21  24  20  18  25  20  26  28
30  28  22  25  18  25  25  19  22  24
47  38  39  39  39  45  38  43  39  39  44  45  42  46  36
42  45  46  42  40  45  47  43  36  45  43  39  44  36
14  19  12  17  15  17  13  13  10  11
10  14  9  20  17  18  13  20  11  21  14  10
36  36  36  35  32  27  33  39  37  39  37  28  33
44  46  44  39  43  44  36  39  41  42  42  48  47  36
13  16  15  11  11  9  20  14  11  15  14  21
35  31  30  28  33  39  35  37  30  36
39  45  45  45  37  43  45  45  44  42  46  41  36
29  28  38  32  32  30  29  38  32  38  34
37  33  37  33  29  36  38  34  36  28  39  32  32
27  27  34  27  31  31  36  32  34  31  34
26  24  18  29  19  22  27  24  21  27  30  25  19  18  20
14  20  18  15  13  9  16  12  10  15
28  28  28  20  21  28  24  29  29  26  20
29  25  26  23  25  21  18  23  30  18
45  40  48  41  36  36  40  42  36  45  38  39  37
12  15  14  17  18  17  13  21  19  18
45  42  46  41  40  44  42  44  40  48  40  44  45  47  44
39  44  38  38  40  43  46  36  41  46
35  33  33  37  28  30  27  34  29  35
9  11  21  11  11  13  11  13  12  12  9  9
47  40  46  39  40  44  36  46  41  46  48
30  24  28  24  22  25  23  26  18  30  24
32  34  36  31  27  34  38  34  34  33  36  39  39  37
15  19  19  13  17  11  13  18  13  18  9
9  18  21  12  20  16  13  10  14  15  15  15  20  20  16
9  13  20  18  12  16  15  13  12  9
27  36  35  27  34  32  30  27  34  37
39  42  38  36  36  39  47  47  48  48  47  46  36  37  46
12  14  17  9  10  14  20  21  20  16  15  12  16  13
28  32  33  33  27  32  36  33  34  35  39  37  31  38
31  35  27  33  31  36  37  27  31  37  29  33  28
18  13  15  20  21  13  13  14  10  20  20  19  20  20  14
32  32  31  28  37  29  34  32  39  36  30  31  38  31  35
17  10  18  12  17  21  18  11  11  11  21  12  14  16
45  40  43  39  42  37  36  48  36  41  36  39
12  13  13  9  16  9  21  15  20  13  20  12
25  25  23  22  18  24  30  25  18  20
30  26  29  26  30  30  18  19  25  20  22
38  38  41  37  38  41  42  39  46  40  40  48  40  43  38
19  19  23  28  26  23  23  23  22  27  25  21
23  21  19  23  27  24  24  18  29  22  23  21  27  25
40  40  48  46  39  42  40  41  44  45  48  40
34  36  34  30  30  34  37  39  37  39  30  39
19  13  13  21  15  10  11  10  11  13  14
15  12  13  10  12  13  16  21  20  16  16  17  9
21  27  24  21  19  26  25  27  30  20
10  11  14  14  13  21  18  17  21  15
43  40  39  42  40  46  46  41  41  42  37  42  48  43
27  33  37  39  30  38  39  31  32  34
43  48  39  43  38  37  41  39  36  48  43  42
33  29  29  27  32  33  36  39  35  34  35  33  27
26  28  26  28  21  27  29  27  25  20  23  29  22
44  37  39  43  46  37  48  48  45  40  36  45  48  48  44
23  21  23  20  30  23  26  28  30  18
43  40  46  37  40  36  48  39  43  45  48  47  39
31  29  38  30  31  32  30  32  39  34  32  37
11  11  20  11  12  9  10  19  20  11  19  21
38  30  29  34  35  37  37  34  39  30
21  21  24  25  20  22  21  22  18  18  22  19  22
13  18  15  9  17  11  11  14  10  16  15
36  46  43  43  47  42  39  45  36  39  47  44
46  38  39  36  42  36  42  38  42  36  37  44  48  45  39
48  41  41  37  43  37  47  41  47  47  40  43  48  48  39
23  20  18  22  27  21  27  21  23  30  18
9  19  11  13  19  19  12  18  14  10  13  10  20  14
43  44  39  44  47  38  47  48  40  45  47  36  39
10  18  21  20  9  10  9  9  19  17  14  11  21  17  21
16  13  18  10  18  15  10  18  15  11  12  10  17  18
47  40  44  44  42  40  44  42  44  47  41  43  45  38  36
29  36  35  36  38  31  29  32  29  33  38  39  35
37  32  29  37  30  34  34  39  27  27  39  39  31  33  38
35  36  34  28  32  29  38  28  27  37  39  34  30
41  37  45  41  43  39  48  46  46  41  46  48  43  42
10  17  10  11  19  19  12  18  15  16  9
25  20  19  20  30  20  26  26  30  29  25  25  29  18
10  21  17  20  15  18  10  11  21  20  16  15  18  15  12
41  42  45  39  44  38  40  47  39  36
41  38  46  41  45  37  37  46  44  39  45  43  48  36
24  29  28  18  25  28  27  25  19  19
10  19  13  18  15  17  13  13  13  14  20  20  12  10  9
28  35  34  29  29  37  27  36  27  31  33  31  30  34
40  37  46  39  43  46  45  44  43  46  40  39
19  28  22  24  19  21  22  29  21  27  18  25
28  25  25  25  21  23  21  18  22  21  28  28
29  39  37  29  38  39  28  33  36  31  39  36  33
39  39  38  46  42  43  39  47  39  41  36
36  46  37  46  43  37  41  40  43  39
30  19  27  28  25  30  24  28  19  25  20  18
12  11  15  11  17  14  19  15  18  19  11  21  18  15
16  13  10  18  10  14  15  9  19  15  17  17  9
17  10  19  18  21  20  9  17  13  17  19  16
11  12  13  21  15  9  16  16  16  12  11  9  20  13  16
19  15  19  15  16  9  11  11  17  15  11
44  42  41  47  43  48  36  37  47  39  46  40  39
22  24  23  28  27  22  22  25  26  26  22  30  23
19  17  11  17  17  17  20  16  15  21  15  15  10  12
14  18  11  21  20  18  10  12  16  13  11  21  12  20  15
10  14  9  21  14  9  19  19  20  14  21  21  20
29  33  39  29  28  32  29  33  38  38  30  37
25  25  22  30  25  25  24  30  26  26  24  19  20
9  16  14  18  12  13  13  9  9  19  13  14  9  9  16
26  19  29  26  28  29  24  30  22  18  29  21  28  19
39  41  37  47  38  40  37  39  47  44
29  28  21  18  24  28  27  26  23  20  19  25  27  26
36  33  38  32  31  30  32  33  39  27
17  15  19  20  14  16  12  11  9  21  10
28  24  28  23  29  18  21  20  23  27  23  30
37  46  38  45  45  40  38  46  45  43  44  47  39
15  11  9  14  12  16  20  12  12  14  20  17  10  18
47  43  47  40  41  44  42  46  36  42  45
48  47  38  39  37  42  44  47  45  44  39
30  28  20  26  24  21  20  20  28  25  20  25  30  30  27
23  23  19  29  24  20  23  30  20  26
43  46  36  43  39  43  46  44  43  39  48  40
40  44  46  47  38  44  42  42  38  48  45
35  37  34  27  29  35  28  28  34  33  36  29  29  33
48  45  36  42  44  48  48  37  38  44  37  48  41  37
10  20  21  12  11  15  12  10  16  14  11  15  9
28  28  39  33  27  27  29  35  35  30  36
42  43  45  40  41  48  39  39  43  37  42  36
32  28  33  35  37  37  33  28  33  38  30  39  34  37  35
39  35  37  37  34  31  31  35  31  34  29  34  28  37
42  42  48  48  37  42  41  42  44  45  47  38  38  43  47
28  30  27  30  29  22  26  22  30  25  20  18  30
31  36  32  30  34  35  31  32  33  35  37  34
9  9  12  12  15  17  18  9  11  18  21  11  12
24  23  26  26  30  26  28  29  20  20  21  23
29  30  28  20  20  21  25  19  20  21  30  25  30
14  10  9  21  17  13  14  17  13  21  21  16  11  19  20
26  18  28  29  29  30  22  29  20  28  29  24  28  30
30  25  18  29  23  29  24  27  30  21  19  27  30
46  43  43  45  36  46  44  48  46  39  41
38  47  46  47  44  41  47  36  41  42  37  45  36
13  18  13  14  12  11  20  19  17  13  12  15  11  20
36  35  37  27  33  31  28  28  33  29  30  35  30  27
30  32  36  35  27  39  38  29  35  34  36  32  29  39
35  30  28  31  38  29  39  38  37  38  28  34  29
21  15  19  18  15  19  12  12  10  16  18  11  14
14  13  14  17  18  13  11  10  11  13  20  12  18  20
19  22  18  30  22  20  20  23  23  23
12  10  11  12  11  10  20  14  19  12  14  20  12
28  29  39  29  28  37  34  38  36  32  36
41  43  37  46  47  38  41  37  37  45  43
25  26  29  30  23  25  22  25  18  19  28  22  21  28  24
37  39  29  38  37  36  34  32  38  30  34  33
34  35  36  29  27  31  29  34  35  30  35
24  22  30  26  23  25  26  20  19  24  30  25  27  18
24  29  22  20  25  26  24  19  22  28  26  23  30  29
40  36  39  44  43  42  40  43  43  39  48  48
40  38  47  38  48  38  36  43  39  43  47  40  43  43  41
37  28  39  31  29  32  36  35  27  29  31  29
28  29  25  30  19  26  24  29  21  25  19  27  21
19  17  15  18  13  17  15  21  14  14  9
20  15  21  16  15  19  19  13  20  11  21
21  29  18  30  30  27  28  27  24  27  21  28
20  29  22  27  24  23  20  24  21  19  26  18  18  21
39  41  40  43  47  46  39  36  47  42  36  48  39  39  39
29  34  29  39  32  28  32  38  35  31  38
31  36  37  31  36  35  36  29  30  39  28  35  28
9  20  20  20  21  11  16  9  12  9  16  16  18  12  18
35  35  37  31  29  29  38  37  36  36
41  41  44  46  36  46  38  38  48  48  47  39
38  30  34  38  39  37  31  32  29  37  29  31  37  29
11  20  19  13  19  21  20  12  13  14  13  15
19  10  10  17  13  10  14  16  17  21  11
21  28  24  19  29  19  21  21  26  24
40  47  42  47  37  45  39  39  45  48  39  39
40  45  40  43  48  38  41  44  36  37
19  15  12  9  20  9  21  14  21  16  17  17  9  16  13
28  20  18  28  24  21  20  21  30  29  25  22  24
39  47  45  45  44  36  38  38  39  38  44  44  44  37  36
21  17  15  16  16  16  14  12  20  11  16  18  9  10
9  15  14  20  20  17  15  19  16  10  9  12  17  9
10  14  20  12  13  10  15  18  9  15  10
20  28  25  29  27  18  20  24  22  29  19  30  19  21  23
27  39  34  38  33  38  35  31  39  29  31
37  31  30  39  29  28  30  31  39  34  36  35  30  37
45  48  36  48  46  38  37  39  36  39  36  47
19  30  29  21  22  30  21  26  19  18  30  28  28  28  30
29  31  36  33  28  35  33  37  38  30  35
9  17  19  13  14  10  13  10  14  16  16  19  9
31  37  27  29  30  33  35  31  34  37  33  27  29  31
9  9  13  9  14  12  10  21  17  9  18  14  13  21  12
25  19  25  23  18  22  22  29  24  25  29
18  16  10  10  11  19  16  21  12  13  10  19  9
17  20  10  19  19  17  9  9  14  12  21  15  14  20  9
21  19  18  15  15  18  15  20  14  10  19  10  21  15
18  22  21  21  19  29  19  23  26  25  22
21  23  20  29  24  21  26  29  21  22  20
15  15  21  13  21  11  17  11  10  13  13  21  16  13
29  34  27  39  32  29  38  35  31  27  36  39  34  33  28
20  23  18  24  28  23  18  20  18  24  18  23  20  22
27  18  28  20  19  23  27  18  24  25  19  18  18  26
22  20  29  22  29  21  29  24  25  28  18  22
24  24  21  22  27  23  18  24  20  28  24  20
19  15  18  16  19  13  10  14  14  17  18  13  10  9
19  18  29  25  28  25  25  30  25  22  28  22  27
33  28  33  36  37  39  31  30  35  27  30  31  38  31
9  21  15  13  19  13  12  10  11  10  16  12  10
23  26  27  30  29  30  22  26  22  26  21  25  28
11  20  9  18  11  17  21  16  16  14  11  17  17
48  44  39  43  46  38  38  41  37  48  47
33  37  33  29  36  37  33  34  31  29  32  36
44  46  38  42  44  46  38  36  44  46  45  44  43  39  39
21  19  15  10  13  15  21  11  18  12  15  21  18  19
24  18  28  25  19  28  18  29  22  23  28  25  21
41  44  36  45  42  46  42  47  46  45  36  36  44
27  30  27  19  25  26  24  28  24  24  21
9  17  10  16  16  19  10  19  9  12  18
20  15  13  14  18  11  21  12  13  15  9  16  19
32  32  37  34  38  30  33  37  33  30  38  37  28  30  30
46  47  43  39  48  44  41  46  48  44  37
10  19  16  10  21  21  15  15  14  16  10  16  11
31  32  36  29  38  27  30  29  28  29  31  31
47  45  44  41  45  46  41  43  38  40  48  47
46  46  44  40  42  46  40  43  48  48  36  37  38  38  43
30  32  34  39  30  39  39  30  31  36  32  35
28  21  25  19  25  26  22  20  27  28  28
33  37  27  30  36  29  35  36  37  30  31  37  30
21  21  19  28  27  24  26  29  28  21  21  20  28  29
31  39  32  27  38  36  28  32  31  31  33  37  27  30
29  37  38  31  33  36  37  38  35  28  32  34  32
28  23  25  29  23  23  25  18  27  21  19  22  29  26
28  38  31  32  39  39  28  37  38  39
36  36  45  45  38  39  44  48  39  47  41  47  37
12  21  13  20  13  17  12  12  19  10  11
41  43  42  48  39  41  45  41  47  47  38  48  37  38
32  31  36  32  33  28  28  29  31  32  35  31  36
45  46  44  41  48  36  41  41  44  48  36  47  42
37  44  44  48  44  36  39  46  48  36  38  43  37  40
47  44  48  44  37  41  37  41  38  47  45  48  38
44  37  36  47  48  38  36  39  45  42  42
25  26  30  19  26  28  26  22  18  22  23  18  26
42  38  46  43  41  37  39  37  41  44  38  43
36  32  32  28  38  28  29  34  37  28  38  33  30
38  38  39  46  43  36  37  42  36  43
27  26  30  30  28  29  21  25  25  18  27
14  9  18  9  10  13  21  10  19  18  16  9  13
35  36  34  31  37  37  30  32  33  31  37  29  30
13  14  21  15  13  16  9  9  9  21  20  15  15  19  14
29  35  27  29  36  31  34  31  28  28  32  28  36  27  27
23  24  26  28  30  19  30  20  18  25  25  18  18
28  35  32  34  36  31  31  38  39  31  29  36  30  30
39  37  37  37  38  43  41  42  38  37  40  47  38
30  18  28  18  20  30  27  28  24  21  22
34  36  35  34  36  39  37  27  30  30  35
44  42  46  40  41  38  36  39  40  42  45  37  46
29  30  33  39  28  36  29  36  33  36  38  35  31  32  33
39  39  32  35  39  28  29  29  38  39  31  30  27  30
30  21  25  30  18  24  20  19  25  28  26  25  24  28
25  19  22  21  22  18  21  22  25  28  19  28  19  28  30
19  30  30  25  23  24  18  26  18  29
27  37  36  38  31  34  32  30  29  27
26  23  18  26  28  29  29  20  26  30
17  15  12  12  14  10  18  10  13  11  9  17
39  34  33  27  35  36  27  29  29  29  34  33  30  36  28
29  23  30  27  30  25  22  21  22  19  18  23  19  24  27
20  9  10  21  20  19  18  20  17  16  13
48  39  37  45  48  44  36  36  40  45  36  42
30  26  28  24  30  30  22  26  24  27
15  21  20  21  14  10  15  9  13  17  21
21  17  16  21  11  17  14  19  9  21  12  17  13
38  42  43  43  48  42  47  45  43  44  37  45  38  43  46
30  29  23  20  27  28  29  25  28  29
11  14  17  12  12  18  10  13  17  21  17  12  17
39  36  36  36  40  43  47  47  38  38  38
9  17  15  9  9  9  16  19  11  12  10
28  35  29  35  31  33  39  27  33  28  37  33
39  39  33  27  33  32  28  33  33  36  28  39
29  29  27  29  30  25  28  24  30  26
18  18  15  15  13  15  20  13  18  20  16
39  48  38  40  40  42  39  47  37  37  43  36
29  39  27  34  31  27  29  27  30  35  31  34  34  32  38
32  36  33  32  28  38  35  36  39  30  34  35  32  29  27
30  18  25  20  28  23  21  30  28  27  19  28  23  23
37  36  32  28  37  39  37  37  27  38  30  39  31
25  23  26  27  20  20  22  26  18  28  29  24  30  29
36  30  30  38  30  28  36  28  37  32  29  31  29  29
12  13  20  20  12  14  10  19  14  16  12  9  11  13
39  47  45  47  45  47  37  37  45  41  48
27  34  34  39  30  32  30  33  36  33  34  39
26  26  27  18  22  30  27  20  24  18
16  16  18  20  10  20  10  18  10  11  21  16  14
44  46  46  39  38  40  38  41  41  42  38  37
28  20  18  30  28  27  27  18  20  19  29  27
11  9  9  17  16  12  17  13  13  10
17  20  13  16  19  13  18  13  13  21  10  10
22  30  21  27  24  19  25  18  25  28  28  27  19  20
40  39  38  43  39  47  45  42  47  48  44  47  47  48  39
39  30  38  28  35  38  34  33  32  28
18  16  16  16  11  16  10  19  15  18  15  20  20  10
29  29  29  34  36  39  35  38  34  34  34  35
11  16  21  10  19  11  19  18  16  19  9  21  15  12  14
48  39  42  36  45  47  39  41  43  36
18  23  29  19  20  21  28  26  22  18
20  20  10  10  20  17  19  17  12  18  11  20
40  48  42  36  42  37  45  36  47  45  36
27  23  23  24  27  27  22  30  19  26
18  18  20  21  21  28  19  26  23  21
9  17  17  16  15  16  14  17  21  19  20  11  14  14  20
13  18  20  20  19  16  13  15  21  15  11
14  18  21  18  17  13  20  19  19  21  15  9  13  15  10
21  18  26  28  24  23  24  18  18  28  28  22
13  11  14  18  11  14  12  9  13  12  17
32  29  32  31  28  36  34  36  29  39  34  33
19  15  20  11  21  19  21  21  13  21
14  17  18  9  15  17  15  11  12  12  20  12  20  10
37  42  47  39  45  36  44  46  38  40  46  38  47
46  39  46  48  36  45  45  40  36  37  42  41  48  44  40
30  28  21  19  22  18  26  20  23  21
43  46  45  38  42  40  45  43  45  36
47  48  45  39  40  46  39  42  44  37  44  44  45
20  22  29  22  22  24  21  20  24  24  29  21  30  19
19  10  12  21  11  12  15  9  20  20  20  13
26  30  28  29  23  23  18  26  21  26  26  22
17  16  10  10  11  16  20  16  18  19  14  13  13  10
20  19  21  25  22  24  22  28  19  20
13  15  10  20  19  18  12  18  11  20  15  18  13  15
48  36  38  45  38  46  48  41  41  44  41  38  46  41  43
40  38  37  37  47  41  44  36  39  40  45  40
45  45  37  39  37  37  37  44  47  36  46
45  45  39  45  39  43  39  37  43  37
23  28  26  30  26  26  28  27  27  20  21  30
28  32  27  32  35  35  35  27  38  35  38  32  32
9  9  21  19  18  20  12  17  13  14  13  15  18  13
21  21  18  18  19  19  25  23  28  23  25
18  21  30  24  26  19  18  30  25  30  24  21  29
16  12  19  14  17  19  11  11  9  18  10  11
46  39  41  37  37  40  45  37  45  43  48  42  38  45  42
36  36  28  33  32  37  29  31  31  39  28  29
38  32  30  28  33  35  38  27  38  34  35  39  27  35  36
47  39  36  40  37  43  42  38  41  38  38  40  44  40  39
13  9  10  18  9  17  14  10  15  15  11  15  14  11
16  13  17  11  20  11  16  17  10  19
39  47  46  48  37  42  45  48  40  37  39
19  19  23  21  20  25  29  30  24  30  19
35  36  39  34  36  36  31  30  29  36  34  28  32
19  11  14  9  9  19  17  13  9  15
29  18  20  29  18  26  20  29  28  19  28  25  29  27  27
10  13  19  13  9  9  13  16  17  18  18
11  19  20  13  21  17  9  21  16  18  21  9  12  11
9  11  17  21  19  12  16  13  19  12
29  39  28  30  29  36  31  39  36  39  34
39  45  36  42  37  46  36  44  42  37  40
37  32  28  30  27  34  38  34  31  28  36  39  32  37  30
30  30  36  27  37  33  32  37  33  32  28  35
16  10  16  11  17  12  11  15  12  15
27  19  27  28  29  23  24  19  29  28  22  24  25  18
43  36  37  37  41  45  46  41  41  46  45  44  43
36  48  40  36  38  38  37  39  41  37  47
13  14  16  12  13  13  13  17  10  14
15  15  9  16  20  20  21  17  12  16
37  47  38  43  45  37  39  45  44  39  48  37  36  42  44
39  38  38  27  29  32  37  36  34  33  39  28  39  37  36
22  30  19  30  30  28  28  25  24  19  20  27
12  16  11  21  12  11  19  16  13  21  10  14  11
18  23  29  29  20  20  20  21  28  22  27
36  39  28  35  28  34  35  30  28  39  34  33  30  33  28
23  23  25  30  23  25  25  26  26  25  27
18  14  12  21  11  11  9  20  9  19  15  14  14  14  11
29  35  28  34  29  31  32  35  30  32  39
33  27  35  33  35  32  37  38  27  31
31  30  39  38  32  36  36  36  34  35  29
42  46  40  42  46  45  48  38  42  47  37  40
23  20  28  21  29  20  30  30  26  20  25  20  21  21
38  39  37  29  38  38  34  28  27  34  34  29
48  39  43  47  46  37  37  43  36  45  41  48  48  48  45
29  30  36  36  34  28  39  34  37  27  35
20  20  16  21  18  17  21  16  18  13  10  19
17  17  11  16  13  19  20  19  19  10
36  45  47  43  44  43  36  48  45  39  46  41  41
25  18  20  25  27  27  24  29  22  23
20  27  22  28  19  21  28  25  19  19  19  26  29
30  26  28  30  24  23  29  25  24  23  25
32  39  33  29  35  35  37  34  36  39
13  12  15  19  14  16  20  10  14  14  15
28  36  34  36  30  36  30  31  32  39  27
47  38  39  42  48  46  45  38  45  40
20  30  27  22  19  29  24  18  28  27  21  21  28  23  27
27  38  37  28  39  39  29  34  32  36  37  29  28
31  35  32  28  39  31  39  31  34  33  33  30  35  27  37
37  39  31  32  34  33  31  32  35  27  37  35  29
20  21  9  12  14  14  21  10  21  17  17
35  37  29  29  31  31  39  39  27  39  37  29  31
37  48  41  43  36  36  46  39  38  42  43  47  47  36  44
19  22  25  30  18  29  26  20  20  30  28  25
38  45  40  38  40  36  46  44  41  36  39  40  47
28  30  27  39  35  38  34  28  27  28  30  33
11  15  15  21  13  16  13  11  21  10  13
44  39  46  44  36  44  44  42  48  47  43  43
20  29  30  29  24  20  26  18  18  18  20  27  27  26
21  17  14  19  12  14  11  20  19  14  9  17  19
23  27  29  30  24  30  20  30  21  22  30
30  33  32  34  36  28  34  39  32  37
24  26  20  24  19  23  18  26  20  30  27  19  23  29  23
30  38  33  38  30  35  38  37  37  30  31  39  33  39
12  13  18  15  15  16  21  17  12  19  10  20
12  21  16  11  20  17  9  9  16  14  13  17  19  12  15
17  15  9  10  12  17  12  10  20  17  12  16
37  39  39  36  34  32  32  30  28  30  39  37  28  33
37  39  37  30  31  34  28  29  37  28  31  33  37
23  24  25  27  22  19  20  24  28  30  25
21  28  18  18  29  22  23  21  19  23
40  37  40  47  45  38  38  43  45  44  47  39
27  27  29  29  29  21  22  28  24  24  30  20
34  37  38  30  30  39  33  32  37  32  33  28  36  33
45  36  46  36  39  44  38  37  43  41  44  38  42  46
43  37  46  46  43  46  42  41  40  38  46
38  38  37  48  45  42  40  47  43  43  44  41  46
31  35  34  39  33  30  28  29  29  30  39
30  21  19  26  25  29  27  30  28  30  20
38  31  27  37  35  33  36  28  37  37  29  33
48  40  39  48  39  40  48  44  42  41  42  42  42  41
19  23  24  25  19  18  27  26  30  30  20
18  11  13  17  20  20  14  18  11  9  17
31  29  34  31  38  35  29  29  36  39  37  27
12  13  19  10  12  21  18  18  9  13  11  13  16  9
40  48  41  37  48  36  46  47  43  48  44
12  21  19  16  14  10  16  14  19  17  11  13  17  18  11
39  39  28  30  34  27  33  28  31  38
35  37  33  29  39  28  28  33  36  36  29  31  38  39
10  13  10  15  9  11  18  17  12  17  20  10  14  19
20  17  20  19  12  12  17  15  9  21  20  16  21  19  14
31  28  29  31  33  33  37  33  39  37  37  29  31  37
13  18  21  11  14  18  14  9  9  11  11
27  30  30  21  19  30  24  18  29  29
18  10  18  19  13  10  10  15  21  21  16  16
23  25  28  25  20  22  25  30  20  24  27  26  24  21  30
27  39  32  36  29  30  28  28  28  31  32
36  46  36  42  48  41  38  43  41  48  41  43  47  40
20  18  21  20  10  13  16  21  12  10  11  10  20  21
18  16  19  19  21  14  10  19  11  15  10
15  13  10  16  9  17  10  21  10  13  15  16
13  18  14  21  14  16  12  18  13  10  17  13  13  15
33  33  35  27  30  34  31  37  28  31  32  27  31  37
15  19  13  11  10  18  10  15  20  17  10
36  37  42  45  37  46  38  41  39  43  46  46  38
24  27  29  21  27  20  18  29  21  21  30  28  24  20
29  30  37  31  33  38  29  33  36  31  30  27  35  27
19  28  19  23  18  29  20  19  20  18  30  20
21  30  19  25  24  28  30  27  22  21  27  21  20  18
39  39  38  31  34  37  34  33  36  33  28  37  31
18  18  21  21  30  30  23  27  23  26  20  27
41  43  43  36  41  47  44  41  45  40  45  47  46  44
44  45  43  38  45  48  37  44  41  40
31  36  36  39  28  39  36  35  30  35
48  45  37  39  48  42  48  47  39  43  44  38  38
19  21  19  13  12  20  9  10  20  12  20  12  9
33  30  27  33  37  36  36  38  35  29  30  31  28  36
9  15  12  21  15  11  14  15  19  16  9  12  20  17
21  18  28  20  24  27  21  19  28  30  19  26
21  19  10  16  14  19  9  9  17  12  10  17  17  10
12  21  17  15  14  14  14  12  11  20  17  10  20  11  19
38  34  35  34  31  30  28  35  28  37  32  31
31  38  27  39  33  28  38  39  35  27
18  15  13  19  14  15  21  16  14  17  16
35  30  30  38  30  38  29  32  30  32
9  21  13  12  13  13  18  21  19  9  14  17
20  22  29  19  18  18  27  27  18  30  18  18
43  43  37  48  40  42  42  48  46  44  43  39  36  45
43  44  46  41  47  38  43  42  45  42  44  36
9  17  13  10  14  9  15  11  12  11  16  16  9  13
29  39  39  36  36  37  29  37  33  38  34  31  34  39  28
21  29  22  21  19  30  27  29  25  22  25  29  27  20
28  21  18  18  24  21  18  27  24  19  29  28  24  19  19
27  37  31  34  34  30  27  30  33  34  35  36
15  16  15  20  20  11  16  11  12  20  19  10  12
28  29  22  22  29  26  21  25  19  25  21  25  20  25
23  21  22  19  20  20  27  30  30  23
